1
-0.50041
-0.49835
0.99999
-0.5066
-0.48963
0.99985
-0.52011
-0.47332
0.99925
-0.54075
-0.44918
0.99764
-0.56815
-0.41693
0.99424
-0.60182
-0.37619
0.98807
-0.64106
-0.3266
0.97793
-0.68498
-0.26783
0.96246
-0.73242
-0.19964
0.94009
-0.78193
-0.12194
0.90917
-0.83173
-0.034899
0.86796
-0.87973
0.06098
0.81475
-0.92344
0.16478
0.74792
-0.96005
0.27505
0.66609
-0.98645
0.38973
0.56826
-0.9993
0.50607
0.45399
-0.99514
0.62059
0.32357
-0.97056
0.72907
0.17821
-0.92244
0.82659
0.020247
-0.84819
0.90766
-0.14673
-0.7461
0.96642
-0.31776
-0.61566
0.99695
-0.48648
-0.45793
0.99369
-0.64524
-0.2759
0.95192
-0.78532
-0.07472
0.86833
-0.89732
0.13809
0.74173
-0.97179
0.3527
0.57358
-0.99995
0.55716
0.36859
-0.97461
0.73797
0.13512
-0.89128
0.88089
-0.11476
-0.74914
0.9721
-0.36549
-0.55199
0.99961
-0.59871
-0.30902
0.95488
-0.79451
-0.034968
0.83449
-0.93316
0.25012
0.64159
-0.99725
0.52198
0.38696
-0.97414
0.75399
0.089397
-0.85843
0.91984
-0.22495
-0.65405
0.99672
-0.5243
-0.37562
0.96898
-0.77422
-0.048591
0.83147
-0.9417
0.29211
0.59224
-0.99997
0.60524
0.2738
-0.93341
0.84805
-0.087631
-0.74187
0.98244
-0.44522
-0.44333
0.98168
-0.7471
-0.074108
0.83662
-0.944
0.31413
0.5601
-0.998
0.66078
0.1882
-0.89101
0.90559
-0.22256
-0.63107
0.99983
-0.60263
-0.25487
0.9173
-0.88089
0.17519
0.66282
-0.99857
0.57981
0.2757
-0.92315
0.87696
-0.17365
-0.65899
0.99913
-0.59477
-0.25144
0.91044
-0.89481
0.21797
0.61909
-0.99986
0.64592
0.18123
-0.87515
0.92959
-0.30668
-0.53874
0.99255
-0.7272
-0.063498
0.80777
-0.97003
0.43537
0.41097
-0.96262
0.82659
-0.10175
-0.69485
0.99778
-0.59395
-0.22927
0.89014
-0.92406
0.30902
0.52209
-0.98739
0.76319
-0.0076357
-0.7526
0.99023
-0.54229
-0.27983
0.9084
-0.91165
0.28918
0.53084
-0.98736
0.77006
-0.028835
-0.73135
0.99523
-0.5858
-0.21864
0.87515
-0.94298
0.3784
0.43892
-0.96246
0.84423
-0.16478
-0.62342
0.9982
-0.7132
-0.041712
0.76854
-0.99027
0.5632
0.23159
-0.87465
0.94798
-0.40568
-0.399
0.94501
-0.88089
0.24979
0.5412
-0.98463
0.79798
-0.10229
-0.65791
0.99945
-0.70711
-0.032242
0.75058
-0.9956
0.6148
0.15111
-0.8218
0.97892
-0.52621
-0.25309
0.87475
-0.95468
0.44522
0.33798
-0.91277
0.92736
-0.37461
-0.4063
0.93904
-0.90067
0.31627
0.4589
-0.95638
0.87748
-0.27144
-0.49675
0.96712
-0.85993
0.24086
0.5207
-0.97294
0.84945
-0.22495
-0.53136
0.97492
-0.84685
0.22389
0.52905
-0.97344
0.85232
-0.23769
-0.51369
0.96822
-0.86545
0.26619
0.48487
-0.95828
0.88521
-0.30902
-0.44186
0.942
-0.90993
0.36549
0.38375
-0.91717
0.93722
-0.43445
-0.3096
0.88102
-0.9639
0.5141
0.21864
-0.83041
0.986
-0.60182
-0.11056
0.762
-0.99874
0.69387
-0.014112
-0.67257
0.99662
-0.78532
0.15367
0.55942
-0.97364
0.86982
-0.3048
-0.42089
0.9237
-0.93969
0.46217
0.25697
-0.84108
0.9861
-0.61818
-0.070029
0.72128
-0.99953
0.76284
-0.13458
-0.56196
0.97056
-0.88394
0.34791
0.36403
-0.89101
0.96772
-0.55716
-0.13276
0.75542
-0.99997
0.74588
-0.12126
-0.5628
0.96775
-0.89481
0.38161
0.31834
-0.86166
0.9836
-0.6263
-0.034899
0.67845
-0.99335
0.829
-0.26619
-0.42367
0.91007
-0.96169
0.55557
0.11381
-0.72856
0.99858
-0.79798
0.22276
0.45618
-0.92117
0.9563
-0.54687
-0.11564
0.72392
-0.99764
0.81217
-0.25434
-0.41922
0.9007
-0.97171
0.6016
0.040418
-0.66344
0.98701
-0.86698
0.35881
0.30902
-0.83841
0.99472
-0.71014
0.11212
0.53459
-0.94561
0.9417
-0.52621
-0.11815
0.71038
-0.99394
0.84747
-0.3358
-0.31963
0.83722
-0.99619
0.73019
-0.15401
-0.48678
0.92093
-0.96619
0.60508
0.0093401
-0.61909
0.96992
-0.91695
0.4838
0.14889
-0.71939
0.99335
-0.85965
0.37461
0.26257
-0.79219
0.99996
-0.80321
0.2829
0.35046
-0.84255
0.99725
-0.75431
0.21191
0.41376
-0.87515
0.99115
-0.71763
0.16337
0.45399
-0.89374
0.98588
-0.69618
0.13809
0.47242
-0.90082
0.98393
-0.69151
0.1364
0.46971
-0.89738
0.9861
-0.70397
0.15832
0.44577
-0.88295
0.99151
-0.73265
0.20358
0.39975
-0.85551
0.99754
-0.77538
0.27144
0.33027
-0.81173
0.9999
-0.82843
0.36034
0.23583
-0.74719
0.99255
-0.88622
0.4673
0.11544
-0.65688
0.96789
-0.94108
0.58729
-0.030539
-0.53598
0.91717
-0.98304
0.71249
-0.1993
-0.38092
0.8312
-1
0.83173
-0.38445
-0.19088
0.70169
-0.97839
0.93032
-0.57486
0.030539
0.52302
-0.90457
0.99041
-0.75399
0.27347
0.29472
-0.76714
0.99255
-0.89996
0.5204
0.024064
-0.5601
0.91839
-0.98695
0.74565
-0.27144
-0.28669
0.75489
-0.98854
0.91662
-0.56275
0.036807
0.49959
-0.88295
0.9976
-0.81014
0.37859
0.16612
-0.66022
0.95638
-0.96744
0.69151
-0.21158
-0.32995
0.77375
-0.99042
0.9179
-0.5787
0.072409
0.45399
-0.84895
0.99989
-0.8649
0.48386
0.033877
-0.5412
0.89521
-0.99725
0.82005
-0.41445
-0.10568
0.5957
-0.92053
0.99169
-0.79098
0.37461
0.14302
-0.62102
0.93044
-0.98885
0.78189
-0.36625
-0.14626
0.61909
-0.92741
0.99083
-0.79398
0.38973
0.11544
-0.58977
0.91067
-0.99619
0.82563
-0.444
-0.050225
0.53084
-0.87623
0.99999
-0.8722
0.52621
-0.049544
-0.43862
0.81731
-0.99369
0.92551
-0.6308
0.1827
0.30902
-0.72505
0.96543
-0.97336
0.74823
-0.34503
-0.13944
0.59004
-0.9007
0.9992
-0.8637
0.52708
-0.068668
-0.4048
0.78413
-0.98277
0.9563
-0.71205
0.30668
0.16727
-0.60269
0.90214
-0.99953
0.87432
-0.55557
0.11476
0.35046
-0.73806
0.96392
-0.97991
0.7838
-0.41909
-0.034899
0.48057
-0.82304
0.99028
-0.94798
0.70629
-0.31705
-0.13762
0.5628
-0.87066
0.99841
-0.9209
0.65524
-0.25665
-0.19322
0.60318
-0.89101
0.9998
-0.90894
0.63771
-0.24086
-0.20264
0.60551
-0.8893
0.99953
-0.91594
0.65585
-0.27032
-0.16612
0.57005
-0.86507
0.99615
-0.93969
0.70744
-0.34381
-0.082876
0.49337
-0.81225
0.98168
-0.97171
0.78532
-0.45733
0.047706
0.36961
-0.7201
0.94193
-0.99672
0.87591
-0.60182
0.22329
0.19322
-0.57542
0.85773
-0.99242
0.95749
-0.76001
0.43445
-0.036467
-0.36675
0.70793
-0.93082
0.99939
-0.90341
0.6597
-0.30902
-0.091026
0.47548
-0.78265
0.96392
-0.99129
0.86149
-0.59608
0.23769
0.15704
-0.52645
0.81352
-0.97461
0.98591
-0.84674
0.57931
-0.22495
-0.16242
0.52459
-0.80777
0.97056
-0.9898
0.8637
-0.61173
0.27144
0.10731
-0.46971
0.76398
-0.94867
0.99839
-0.90711
0.6887
-0.37461
0.0092038
0.35659
-0.67242
0.89542
-0.99591
0.96119
-0.79695
0.52621
-0.18592
-0.17821
0.5179
-0.78868
0.95568
-0.99798
0.91106
-0.70711
0.41314
-0.067308
-0.28617
0.60269
-0.84284
0.97729
-0.99018
0.88089
-0.66379
0.36625
-0.025018
-0.31834
0.62257
-0.85164
0.97895
-0.99027
0.88521
-0.677
0.39067
-0.05996
-0.27675
0.58092
-0.81825
0.96246
-0.9981
0.9221
-0.74383
0.48386
-0.17143
-0.15886
0.47098
-0.73135
0.91246
-0.99563
0.97286
-0.84747
0.6335
-0.35404
0.038647
0.27983
-0.56871
0.7988
-0.9473
0.99997
-0.95238
0.81014
-0.58817
0.30902
-0.00047724
-0.3072
0.5843
-0.80451
0.9473
-0.99985
0.95802
-0.82659
0.61861
-0.35404
0.057714
0.24298
-0.5207
0.75058
-0.91246
0.99255
-0.98451
0.88989
-0.71778
0.48386
-0.20891
-0.08308
0.36707
-0.61909
0.81825
-0.94841
0.99943
-0.96787
0.85713
-0.677
0.44272
-0.17365
-0.10839
0.38092
-0.62257
0.81475
-0.94303
0.99815
-0.97663
0.88089
-0.71891
0.50354
-0.25137
-0.018543
0.28617
-0.532
0.73843
-0.89101
0.97939
-0.99798
0.9462
-0.82843
0.65353
-0.4342
0.18592
0.074108
-0.32821
0.55942
-0.7526
0.89542
-0.97906
0.99873
-0.95386
0.84805
-0.6887
0.48648
-0.25454
0.0076357
0.23881
-0.46971
0.67121
-0.83147
0.94138
-0.995
0.9898
-0.92677
0.81026
-0.64758
0.44858
-0.22495
-0.010431
0.2443
-0.46374
0.65688
-0.81352
0.92564
-0.98778
0.99725
-0.95419
0.86149
-0.72458
0.55103
-0.35014
0.13242
0.091026
-0.30902
0.51088
-0.68697
0.82908
-0.93082
0.98787
-0.99812
0.96169
-0.88089
0.76001
-0.60508
0.42354
-0.22389
0.015203
0.19322
-0.3923
0.57358
-0.72954
0.85392
-0.94193
0.99042
-0.99793
0.96472
-0.8927
0.78532
-0.64732
0.48457
-0.30376
0.11212
0.082876
-0.2738
0.45357
-0.61566
0.7544
-0.86507
0.94411
-0.98918
0.99918
-0.97431
0.91594
-0.82659
0.70975
-0.56977
0.41165
-0.24086
0.063158
0.11564
-0.28983
0.45399
-0.60318
0.73303
-0.83989
0.92093
-0.97414
0.99841
-0.9935
0.96005
-0.89948
0.81396
-0.70629
0.57981
-0.43831
0.28585
-0.12667
-0.034899
0.19462
-0.34842
0.49248
-0.62337
0.73806
-0.83404
0.90931
-0.96246
0.99262
-0.99953
0.98344
-0.94516
0.88597
-0.80757
0.71205
-0.60182
0.47949
-0.34791
0.20998
-0.068668
-0.073089
0.21244
-0.34669
0.47332
-0.59004
0.69485
-0.78603
0.86218
-0.92223
0.96543
-0.99138
1
-0.50041
-0.49835
0.99999
-0.5066
-0.48963
0.99985
-0.52011
-0.47332
0.99925
-0.54075
-0.44918
0.99764
-0.56815
-0.41693
0.99424
-0.60182
-0.37619
0.98807
-0.64106
-0.3266
0.97793
-0.68498
-0.26783
0.96246
-0.73242
-0.19964
0.94009
-0.78193
-0.12194
0.90917
-0.83173
-0.034899
0.86796
-0.87973
0.06098
0.81475
-0.92344
0.16478
0.74792
-0.96005
0.27505
0.66609
-0.98645
0.38973
0.56826
-0.9993
0.50607
0.45399
-0.99514
0.62059
0.32357
-0.97056
0.72907
0.17821
-0.92244
0.82659
0.020247
-0.84819
0.90766
-0.14673
-0.7461
0.96642
-0.31776
-0.61566
0.99695
-0.48648
-0.45793
0.99369
-0.64524
-0.2759
0.95192
-0.78532
-0.07472
0.86833
-0.89732
0.13809
0.74173
-0.97179
0.3527
0.57358
-0.99995
0.55716
0.36859
-0.97461
0.73797
0.13512
-0.89128
0.88089
-0.11476
-0.74914
0.9721
-0.36549
-0.55199
0.99961
-0.59871
-0.30902
0.95488
-0.79451
-0.034968
0.83449
-0.93316
0.25012
0.64159
-0.99725
0.52198
0.38696
-0.97414
0.75399
0.089397
-0.85843
0.91984
-0.22495
-0.65405
0.99672
-0.5243
-0.37562
0.96898
-0.77422
-0.048591
0.83147
-0.9417
0.29211
0.59224
-0.99997
0.60524
0.2738
-0.93341
0.84805
-0.087631
-0.74187
0.98244
-0.44522
-0.44333
0.98168
-0.7471
-0.074108
0.83662
-0.944
0.31413
0.5601
-0.998
0.66078
0.1882
-0.89101
0.90559
-0.22256
-0.63107
0.99983
-0.60263
-0.25487
0.9173
-0.88089
0.17519
0.66282
-0.99857
0.57981
0.2757
-0.92315
0.87696
-0.17365
-0.65899
0.99913
-0.59477
-0.25144
0.91044
-0.89481
0.21797
0.61909
-0.99986
0.64592
0.18123
-0.87515
0.92959
-0.30668
-0.53874
0.99255
-0.7272
-0.063498
0.80777
-0.97003
0.43537
0.41097
-0.96262
0.82659
-0.10175
-0.69485
0.99778
-0.59395
-0.22927
0.89014
-0.92406
0.30902
0.52209
-0.98739
0.76319
-0.0076357
-0.7526
0.99023
-0.54229
-0.27983
0.9084
-0.91165
0.28918
0.53084
-0.98736
0.77006
-0.028835
-0.73135
0.99523
-0.5858
-0.21864
0.87515
-0.94298
0.3784
0.43892
-0.96246
0.84423
-0.16478
-0.62342
0.9982
-0.7132
-0.041712
0.76854
-0.99027
0.5632
0.23159
-0.87465
0.94798
-0.40568
-0.399
0.94501
-0.88089
0.24979
0.5412
-0.98463
0.79798
-0.10229
-0.65791
0.99945
-0.70711
-0.032242
0.75058
-0.9956
0.6148
0.15111
-0.8218
0.97892
-0.52621
-0.25309
0.87475
-0.95468
0.44522
0.33798
-0.91277
0.92736
-0.37461
-0.4063
0.93904
-0.90067
0.31627
0.4589
-0.95638
0.87748
-0.27144
-0.49675
0.96712
-0.85993
0.24086
0.5207
-0.97294
0.84945
-0.22495
-0.53136
0.97492
-0.84685
0.22389
0.52905
-0.97344
0.85232
-0.23769
-0.51369
0.96822
-0.86545
0.26619
0.48487
-0.95828
0.88521
-0.30902
-0.44186
0.942
-0.90993
0.36549
0.38375
-0.91717
0.93722
-0.43445
-0.3096
0.88102
-0.9639
0.5141
0.21864
-0.83041
0.986
-0.60182
-0.11056
0.762
-0.99874
0.69387
-0.014112
-0.67257
0.99662
-0.78532
0.15367
0.55942
-0.97364
0.86982
-0.3048
-0.42089
0.9237
-0.93969
0.46217
0.25697
-0.84108
0.9861
-0.61818
-0.070029
0.72128
-0.99953
0.76284
-0.13458
-0.56196
0.97056
-0.88394
0.34791
0.36403
-0.89101
0.96772
-0.55716
-0.13276
0.75542
-0.99997
0.74588
-0.12126
-0.5628
0.96775
-0.89481
0.38161
0.31834
-0.86166
0.9836
-0.6263
-0.034899
0.67845
-0.99335
0.829
-0.26619
-0.42367
0.91007
-0.96169
0.55557
0.11381
-0.72856
0.99858
-0.79798
0.22276
0.45618
-0.92117
0.9563
-0.54687
-0.11564
0.72392
-0.99764
0.81217
-0.25434
-0.41922
0.9007
-0.97171
0.6016
0.040418
-0.66344
0.98701
-0.86698
0.35881
0.30902
-0.83841
0.99472
-0.71014
0.11212
0.53459
-0.94561
0.9417
-0.52621
-0.11815
0.71038
-0.99394
0.84747
-0.3358
-0.31963
0.83722
-0.99619
0.73019
-0.15401
-0.48678
0.92093
-0.96619
0.60508
0.0093401
-0.61909
0.96992
-0.91695
0.4838
0.14889
-0.71939
0.99335
-0.85965
0.37461
0.26257
-0.79219
0.99996
-0.80321
0.2829
0.35046
-0.84255
0.99725
-0.75431
0.21191
0.41376
-0.87515
0.99115
-0.71763
0.16337
0.45399
-0.89374
0.98588
-0.69618
0.13809
0.47242
-0.90082
0.98393
-0.69151
0.1364
0.46971
-0.89738
0.9861
-0.70397
0.15832
0.44577
-0.88295
0.99151
-0.73265
0.20358
0.39975
-0.85551
0.99754
-0.77538
0.27144
0.33027
-0.81173
0.9999
-0.82843
0.36034
0.23583
-0.74719
0.99255
-0.88622
0.4673
0.11544
-0.65688
0.96789
-0.94108
0.58729
-0.030539
-0.53598
0.91717
-0.98304
0.71249
-0.1993
-0.38092
0.8312
-1
0.83173
-0.38445
-0.19088
0.70169
-0.97839
0.93032
-0.57486
0.030539
0.52302
-0.90457
0.99041
-0.75399
0.27347
0.29472
-0.76714
0.99255
-0.89996
0.5204
0.024064
-0.5601
0.91839
-0.98695
0.74565
-0.27144
-0.28669
0.75489
-0.98854
0.91662
-0.56275
0.036807
0.49959
-0.88295
0.9976
-0.81014
0.37859
0.16612
-0.66022
0.95638
-0.96744
0.69151
-0.21158
-0.32995
0.77375
-0.99042
0.9179
-0.5787
0.072409
0.45399
-0.84895
0.99989
-0.8649
0.48386
0.033877
-0.5412
0.89521
-0.99725
0.82005
-0.41445
-0.10568
0.5957
-0.92053
0.99169
-0.79098
0.37461
0.14302
-0.62102
0.93044
-0.98885
0.78189
-0.36625
-0.14626
0.61909
-0.92741
0.99083
-0.79398
0.38973
0.11544
-0.58977
0.91067
-0.99619
0.82563
-0.444
-0.050225
0.53084
-0.87623
0.99999
-0.8722
0.52621
-0.049544
-0.43862
0.81731
-0.99369
0.92551
-0.6308
0.1827
0.30902
-0.72505
0.96543
-0.97336
0.74823
-0.34503
-0.13944
0.59004
-0.9007
0.9992
-0.8637
0.52708
-0.068668
-0.4048
0.78413
-0.98277
0.9563
-0.71205
0.30668
0.16727
-0.60269
0.90214
-0.99953
0.87432
-0.55557
0.11476
0.35046
-0.73806
0.96392
-0.97991
0.7838
-0.41909
-0.034899
0.48057
-0.82304
0.99028
-0.94798
0.70629
-0.31705
-0.13762
0.5628
-0.87066
0.99841
-0.9209
0.65524
-0.25665
-0.19322
0.60318
-0.89101
0.9998
-0.90894
0.63771
-0.24086
-0.20264
0.60551
-0.8893
0.99953
-0.91594
0.65585
-0.27032
-0.16612
0.57005
-0.86507
0.99615
-0.93969
0.70744
-0.34381
-0.082876
0.49337
-0.81225
0.98168
-0.97171
0.78532
-0.45733
0.047706
0.36961
-0.7201
0.94193
-0.99672
0.87591
-0.60182
0.22329
0.19322
-0.57542
0.85773
-0.99242
0.95749
-0.76001
0.43445
-0.036467
-0.36675
0.70793
-0.93082
0.99939
-0.90341
0.6597
-0.30902
-0.091026
0.47548
-0.78265
0.96392
-0.99129
0.86149
-0.59608
0.23769
0.15704
-0.52645
0.81352
-0.97461
0.98591
-0.84674
0.57931
-0.22495
-0.16242
0.52459
-0.80777
0.97056
-0.9898
0.8637
-0.61173
0.27144
0.10731
-0.46971
0.76398
-0.94867
0.99839
-0.90711
0.6887
-0.37461
0.0092038
0.35659
-0.67242
0.89542
-0.99591
0.96119
-0.79695
0.52621
-0.18592
-0.17821
0.5179
-0.78868
0.95568
-0.99798
0.91106
-0.70711
0.41314
-0.067308
-0.28617
0.60269
-0.84284
0.97729
-0.99018
0.88089
-0.66379
0.36625
-0.025018
-0.31834
0.62257
-0.85164
0.97895
-0.99027
0.88521
-0.677
0.39067
-0.05996
-0.27675
0.58092
-0.81825
0.96246
-0.9981
0.9221
-0.74383
0.48386
-0.17143
-0.15886
0.47098
-0.73135
0.91246
-0.99563
0.97286
-0.84747
0.6335
-0.35404
0.038647
0.27983
-0.56871
0.7988
-0.9473
0.99997
-0.95238
0.81014
-0.58817
0.30902
-0.00047724
-0.3072
0.5843
-0.80451
0.9473
-0.99985
0.95802
-0.82659
0.61861
-0.35404
0.057714
0.24298
-0.5207
0.75058
-0.91246
0.99255
-0.98451
0.88989
-0.71778
0.48386
-0.20891
-0.08308
0.36707
-0.61909
0.81825
-0.94841
0.99943
-0.96787
0.85713
-0.677
0.44272
-0.17365
-0.10839
0.38092
-0.62257
0.81475
-0.94303
0.99815
-0.97663
0.88089
-0.71891
0.50354
-0.25137
-0.018543
0.28617
-0.532
0.73843
-0.89101
0.97939
-0.99798
0.9462
-0.82843
0.65353
-0.4342
0.18592
0.074108
-0.32821
0.55942
-0.7526
0.89542
-0.97906
0.99873
-0.95386
0.84805
-0.6887
0.48648
-0.25454
0.0076357
0.23881
-0.46971
0.67121
-0.83147
0.94138
-0.995
0.9898
-0.92677
0.81026
-0.64758
0.44858
-0.22495
-0.010431
0.2443
-0.46374
0.65688
-0.81352
0.92564
-0.98778
0.99725
-0.95419
0.86149
-0.72458
0.55103
-0.35014
0.13242
0.091026
-0.30902
0.51088
-0.68697
0.82908
-0.93082
0.98787
-0.99812
0.96169
-0.88089
0.76001
-0.60508
0.42354
-0.22389
0.015203
0.19322
-0.3923
0.57358
-0.72954
0.85392
-0.94193
0.99042
-0.99793
0.96472
-0.8927
0.78532
-0.64732
0.48457
-0.30376
0.11212
0.082876
-0.2738
0.45357
-0.61566
0.7544
-0.86507
0.94411
-0.98918
0.99918
-0.97431
0.91594
-0.82659
0.70975
-0.56977
0.41165
-0.24086
0.063158
0.11564
-0.28983
0.45399
-0.60318
0.73303
-0.83989
0.92093
-0.97414
0.99841
-0.9935
0.96005
-0.89948
0.81396
-0.70629
0.57981
-0.43831
0.28585
-0.12667
-0.034899
0.19462
-0.34842
0.49248
-0.62337
0.73806
-0.83404
0.90931
-0.96246
0.99262
-0.99953
0.98344
-0.94516
0.88597
-0.80757
0.71205
-0.60182
0.47949
-0.34791
0.20998
-0.068668
-0.073089
0.21244
-0.34669
0.47332
-0.59004
0.69485
-0.78603
0.86218
-0.92223
0.96543
-0.99138
1
-0.50041
-0.49835
0.99999
-0.5066
-0.48963
0.99985
-0.52011
-0.47332
0.99925
-0.54075
-0.44918
0.99764
-0.56815
-0.41693
0.99424
-0.60182
-0.37619
0.98807
-0.64106
-0.3266
0.97793
-0.68498
-0.26783
0.96246
-0.73242
-0.19964
0.94009
-0.78193
-0.12194
0.90917
-0.83173
-0.034899
0.86796
-0.87973
0.06098
0.81475
-0.92344
0.16478
0.74792
-0.96005
0.27505
0.66609
-0.98645
0.38973
0.56826
-0.9993
0.50607
0.45399
-0.99514
0.62059
0.32357
-0.97056
0.72907
0.17821
-0.92244
0.82659
0.020247
-0.84819
0.90766
-0.14673
-0.7461
0.96642
-0.31776
-0.61566
0.99695
-0.48648
-0.45793
0.99369
-0.64524
-0.2759
0.95192
-0.78532
-0.07472
0.86833
-0.89732
0.13809
0.74173
-0.97179
0.3527
0.57358
-0.99995
0.55716
0.36859
-0.97461
0.73797
0.13512
-0.89128
0.88089
-0.11476
-0.74914
0.9721
-0.36549
-0.55199
0.99961
-0.59871
-0.30902
0.95488
-0.79451
-0.034968
0.83449
-0.93316
0.25012
0.64159
-0.99725
0.52198
0.38696
-0.97414
0.75399
0.089397
-0.85843
0.91984
-0.22495
-0.65405
0.99672
-0.5243
-0.37562
0.96898
-0.77422
-0.048591
0.83147
-0.9417
0.29211
0.59224
-0.99997
0.60524
0.2738
-0.93341
0.84805
-0.087631
-0.74187
0.98244
-0.44522
-0.44333
0.98168
-0.7471
-0.074108
0.83662
-0.944
0.31413
0.5601
-0.998
0.66078
0.1882
-0.89101
0.90559
-0.22256
-0.63107
0.99983
-0.60263
-0.25487
0.9173
-0.88089
0.17519
0.66282
-0.99857
0.57981
0.2757
-0.92315
0.87696
-0.17365
-0.65899
0.99913
-0.59477
-0.25144
0.91044
-0.89481
0.21797
0.61909
-0.99986
0.64592
0.18123
-0.87515
0.92959
-0.30668
-0.53874
0.99255
-0.7272
-0.063498
0.80777
-0.97003
0.43537
0.41097
-0.96262
0.82659
-0.10175
-0.69485
0.99778
-0.59395
-0.22927
0.89014
-0.92406
0.30902
0.52209
-0.98739
0.76319
-0.0076357
-0.7526
0.99023
-0.54229
-0.27983
0.9084
-0.91165
0.28918
0.53084
-0.98736
0.77006
-0.028835
-0.73135
0.99523
-0.5858
-0.21864
0.87515
-0.94298
0.3784
0.43892
-0.96246
0.84423
-0.16478
-0.62342
0.9982
-0.7132
-0.041712
0.76854
-0.99027
0.5632
0.23159
-0.87465
0.94798
-0.40568
-0.399
0.94501
-0.88089
0.24979
0.5412
-0.98463
0.79798
-0.10229
-0.65791
0.99945
-0.70711
-0.032242
0.75058
-0.9956
0.6148
0.15111
-0.8218
0.97892
-0.52621
-0.25309
0.87475
-0.95468
0.44522
0.33798
-0.91277
0.92736
-0.37461
-0.4063
0.93904
-0.90067
0.31627
0.4589
-0.95638
0.87748
-0.27144
-0.49675
0.96712
-0.85993
0.24086
0.5207
-0.97294
0.84945
-0.22495
-0.53136
0.97492
-0.84685
0.22389
0.52905
-0.97344
0.85232
-0.23769
-0.51369
0.96822
-0.86545
0.26619
0.48487
-0.95828
0.88521
-0.30902
-0.44186
0.942
-0.90993
0.36549
0.38375
-0.91717
0.93722
-0.43445
-0.3096
0.88102
-0.9639
0.5141
0.21864
-0.83041
0.986
-0.60182
-0.11056
0.762
-0.99874
0.69387
-0.014112
-0.67257
0.99662
-0.78532
0.15367
0.55942
-0.97364
0.86982
-0.3048
-0.42089
0.9237
-0.93969
0.46217
0.25697
-0.84108
0.9861
-0.61818
-0.070029
0.72128
-0.99953
0.76284
-0.13458
-0.56196
0.97056
-0.88394
0.34791
0.36403
-0.89101
0.96772
-0.55716
-0.13276
0.75542
-0.99997
0.74588
-0.12126
-0.5628
0.96775
-0.89481
0.38161
0.31834
-0.86166
0.9836
-0.6263
-0.034899
0.67845
-0.99335
0.829
-0.26619
-0.42367
0.91007
-0.96169
0.55557
0.11381
-0.72856
0.99858
-0.79798
0.22276
0.45618
-0.92117
0.9563
-0.54687
-0.11564
0.72392
-0.99764
0.81217
-0.25434
-0.41922
0.9007
-0.97171
0.6016
0.040418
-0.66344
0.98701
-0.86698
0.35881
0.30902
-0.83841
0.99472
-0.71014
0.11212
0.53459
-0.94561
0.9417
-0.52621
-0.11815
0.71038
-0.99394
0.84747
-0.3358
-0.31963
0.83722
-0.99619
0.73019
-0.15401
-0.48678
0.92093
-0.96619
0.60508
0.0093401
-0.61909
0.96992
-0.91695
0.4838
0.14889
-0.71939
0.99335
-0.85965
0.37461
0.26257
-0.79219
0.99996
-0.80321
0.2829
0.35046
-0.84255
0.99725
-0.75431
0.21191
0.41376
-0.87515
0.99115
-0.71763
0.16337
0.45399
-0.89374
0.98588
-0.69618
0.13809
0.47242
-0.90082
0.98393
-0.69151
0.1364
0.46971
-0.89738
0.9861
-0.70397
0.15832
0.44577
-0.88295
0.99151
-0.73265
0.20358
0.39975
-0.85551
0.99754
-0.77538
0.27144
0.33027
-0.81173
0.9999
-0.82843
0.36034
0.23583
-0.74719
0.99255
-0.88622
0.4673
0.11544
-0.65688
0.96789
-0.94108
0.58729
-0.030539
-0.53598
0.91717
-0.98304
0.71249
-0.1993
-0.38092
0.8312
-1
0.83173
-0.38445
-0.19088
0.70169
-0.97839
0.93032
-0.57486
0.030539
0.52302
-0.90457
0.99041
-0.75399
0.27347
0.29472
-0.76714
0.99255
-0.89996
0.5204
0.024064
-0.5601
0.91839
-0.98695
0.74565
-0.27144
-0.28669
0.75489
-0.98854
0.91662
-0.56275
0.036807
0.49959
-0.88295
0.9976
-0.81014
0.37859
0.16612
-0.66022
0.95638
-0.96744
0.69151
-0.21158
-0.32995
0.77375
-0.99042
0.9179
-0.5787
0.072409
0.45399
-0.84895
0.99989
-0.8649
0.48386
0.033877
-0.5412
0.89521
-0.99725
0.82005
-0.41445
-0.10568
0.5957
-0.92053
0.99169
-0.79098
0.37461
0.14302
-0.62102
0.93044
-0.98885
0.78189
-0.36625
-0.14626
0.61909
-0.92741
0.99083
-0.79398
0.38973
0.11544
-0.58977
0.91067
-0.99619
0.82563
-0.444
-0.050225
0.53084
-0.87623
0.99999
-0.8722
0.52621
-0.049544
-0.43862
0.81731
-0.99369
0.92551
-0.6308
0.1827
0.30902
-0.72505
0.96543
-0.97336
0.74823
-0.34503
-0.13944
0.59004
-0.9007
0.9992
-0.8637
0.52708
-0.068668
-0.4048
0.78413
-0.98277
0.9563
-0.71205
0.30668
0.16727
-0.60269
0.90214
-0.99953
0.87432
-0.55557
0.11476
0.35046
-0.73806
0.96392
-0.97991
0.7838
-0.41909
-0.034899
0.48057
-0.82304
0.99028
-0.94798
0.70629
-0.31705
-0.13762
0.5628
-0.87066
0.99841
-0.9209
0.65524
-0.25665
-0.19322
0.60318
-0.89101
0.9998
-0.90894
0.63771
-0.24086
-0.20264
0.60551
-0.8893
0.99953
-0.91594
0.65585
-0.27032
-0.16612
0.57005
-0.86507
0.99615
-0.93969
0.70744
-0.34381
-0.082876
0.49337
-0.81225
0.98168
-0.97171
0.78532
-0.45733
0.047706
0.36961
-0.7201
0.94193
-0.99672
0.87591
-0.60182
0.22329
0.19322
-0.57542
0.85773
-0.99242
0.95749
-0.76001
0.43445
-0.036467
-0.36675
0.70793
-0.93082
0.99939
-0.90341
0.6597
-0.30902
-0.091026
0.47548
-0.78265
0.96392
-0.99129
0.86149
-0.59608
0.23769
0.15704
-0.52645
0.81352
-0.97461
0.98591
-0.84674
0.57931
-0.22495
-0.16242
0.52459
-0.80777
0.97056
-0.9898
0.8637
-0.61173
0.27144
0.10731
-0.46971
0.76398
-0.94867
0.99839
-0.90711
0.6887
-0.37461
0.0092038
0.35659
-0.67242
0.89542
-0.99591
0.96119
-0.79695
0.52621
-0.18592
-0.17821
0.5179
-0.78868
0.95568
-0.99798
0.91106
-0.70711
0.41314
-0.067308
-0.28617
0.60269
-0.84284
0.97729
-0.99018
0.88089
-0.66379
0.36625
-0.025018
-0.31834
0.62257
-0.85164
0.97895
-0.99027
0.88521
-0.677
0.39067
-0.05996
-0.27675
0.58092
-0.81825
0.96246
-0.9981
0.9221
-0.74383
0.48386
-0.17143
-0.15886
0.47098
-0.73135
0.91246
-0.99563
0.97286
-0.84747
0.6335
-0.35404
0.038647
0.27983
-0.56871
0.7988
-0.9473
0.99997
-0.95238
0.81014
-0.58817
0.30902
-0.00047724
-0.3072
0.5843
-0.80451
0.9473
-0.99985
0.95802
-0.82659
0.61861
-0.35404
0.057714
0.24298
-0.5207
0.75058
-0.91246
0.99255
-0.98451
0.88989
-0.71778
0.48386
-0.20891
-0.08308
0.36707
-0.61909
0.81825
-0.94841
0.99943
-0.96787
0.85713
-0.677
0.44272
-0.17365
-0.10839
0.38092
-0.62257
0.81475
-0.94303
0.99815
-0.97663
0.88089
-0.71891
0.50354
-0.25137
-0.018543
0.28617
-0.532
0.73843
-0.89101
0.97939
-0.99798
0.9462
-0.82843
0.65353
-0.4342
0.18592
0.074108
-0.32821
0.55942
-0.7526
0.89542
-0.97906
0.99873
-0.95386
0.84805
-0.6887
0.48648
-0.25454
0.0076357
0.23881
-0.46971
0.67121
-0.83147
0.94138
-0.995
0.9898
-0.92677
0.81026
-0.64758
0.44858
-0.22495
-0.010431
0.2443
-0.46374
0.65688
-0.81352
0.92564
-0.98778
0.99725
-0.95419
0.86149
-0.72458
0.55103
-0.35014
0.13242
0.091026
-0.30902
0.51088
-0.68697
0.82908
-0.93082
0.98787
-0.99812
0.96169
-0.88089
0.76001
-0.60508
0.42354
-0.22389
0.015203
0.19322
-0.3923
0.57358
-0.72954
0.85392
-0.94193
0.99042
-0.99793
0.96472
-0.8927
0.78532
-0.64732
0.48457
-0.30376
0.11212
0.082876
-0.2738
0.45357
-0.61566
0.7544
-0.86507
0.94411
-0.98918
0.99918
-0.97431
0.91594
-0.82659
0.70975
-0.56977
0.41165
-0.24086
0.063158
0.11564
-0.28983
0.45399
-0.60318
0.73303
-0.83989
0.92093
-0.97414
0.99841
-0.9935
0.96005
-0.89948
0.81396
-0.70629
0.57981
-0.43831
0.28585
-0.12667
-0.034899
0.19462
-0.34842
0.49248
-0.62337
0.73806
-0.83404
0.90931
-0.96246
0.99262
-0.99953
0.98344
-0.94516
0.88597
-0.80757
0.71205
-0.60182
0.47949
-0.34791
0.20998
-0.068668
-0.073089
0.21244
-0.34669
0.47332
-0.59004
0.69485
-0.78603
0.86218
-0.92223
0.96543
-0.99138
1
-0.50041
-0.49835
0.99999
-0.5066
-0.48963
0.99985
-0.52011
-0.47332
0.99925
-0.54075
-0.44918
0.99764
-0.56815
-0.41693
0.99424
-0.60182
-0.37619
0.98807
-0.64106
-0.3266
0.97793
-0.68498
-0.26783
0.96246
-0.73242
-0.19964
0.94009
-0.78193
-0.12194
0.90917
-0.83173
-0.034899
0.86796
-0.87973
0.06098
0.81475
-0.92344
0.16478
0.74792
-0.96005
0.27505
0.66609
-0.98645
0.38973
0.56826
-0.9993
0.50607
0.45399
-0.99514
0.62059
0.32357
-0.97056
0.72907
0.17821
-0.92244
0.82659
0.020247
-0.84819
0.90766
-0.14673
-0.7461
0.96642
-0.31776
-0.61566
0.99695
-0.48648
-0.45793
0.99369
-0.64524
-0.2759
0.95192
-0.78532
-0.07472
0.86833
-0.89732
0.13809
0.74173
-0.97179
0.3527
0.57358
-0.99995
0.55716
0.36859
-0.97461
0.73797
0.13512
-0.89128
0.88089
-0.11476
-0.74914
0.9721
-0.36549
-0.55199
0.99961
-0.59871
-0.30902
0.95488
-0.79451
-0.034968
0.83449
-0.93316
0.25012
0.64159
-0.99725
0.52198
0.38696
-0.97414
0.75399
0.089397
-0.85843
0.91984
-0.22495
-0.65405
0.99672
-0.5243
-0.37562
0.96898
-0.77422
-0.048591
0.83147
-0.9417
0.29211
0.59224
-0.99997
0.60524
0.2738
-0.93341
0.84805
-0.087631
-0.74187
0.98244
-0.44522
-0.44333
0.98168
-0.7471
-0.074108
0.83662
-0.944
0.31413
0.5601
-0.998
0.66078
0.1882
-0.89101
0.90559
-0.22256
-0.63107
0.99983
-0.60263
-0.25487
0.9173
-0.88089
0.17519
0.66282
-0.99857
0.57981
0.2757
-0.92315
0.87696
-0.17365
-0.65899
0.99913
-0.59477
-0.25144
0.91044
-0.89481
0.21797
0.61909
-0.99986
0.64592
0.18123
-0.87515
0.92959
-0.30668
-0.53874
0.99255
-0.7272
-0.063498
0.80777
-0.97003
0.43537
0.41097
-0.96262
0.82659
-0.10175
-0.69485
0.99778
-0.59395
-0.22927
0.89014
-0.92406
0.30902
0.52209
-0.98739
0.76319
-0.0076357
-0.7526
0.99023
-0.54229
-0.27983
0.9084
-0.91165
0.28918
0.53084
-0.98736
0.77006
-0.028835
-0.73135
0.99523
-0.5858
-0.21864
0.87515
-0.94298
0.3784
0.43892
-0.96246
0.84423
-0.16478
-0.62342
0.9982
-0.7132
-0.041712
0.76854
-0.99027
0.5632
0.23159
-0.87465
0.94798
-0.40568
-0.399
0.94501
-0.88089
0.24979
0.5412
-0.98463
0.79798
-0.10229
-0.65791
0.99945
-0.70711
-0.032242
0.75058
-0.9956
0.6148
0.15111
-0.8218
0.97892
-0.52621
-0.25309
0.87475
-0.95468
0.44522
0.33798
-0.91277
0.92736
-0.37461
-0.4063
0.93904
-0.90067
0.31627
0.4589
-0.95638
0.87748
-0.27144
-0.49675
0.96712
-0.85993
0.24086
0.5207
-0.97294
0.84945
-0.22495
-0.53136
0.97492
-0.84685
0.22389
0.52905
-0.97344
0.85232
-0.23769
-0.51369
0.96822
-0.86545
0.26619
0.48487
-0.95828
0.88521
-0.30902
-0.44186
0.942
-0.90993
0.36549
0.38375
-0.91717
0.93722
-0.43445
-0.3096
0.88102
-0.9639
0.5141
0.21864
-0.83041
0.986
-0.60182
-0.11056
0.762
-0.99874
0.69387
-0.014112
-0.67257
0.99662
-0.78532
0.15367
0.55942
-0.97364
0.86982
-0.3048
-0.42089
0.9237
-0.93969
0.46217
0.25697
-0.84108
0.9861
-0.61818
-0.070029
0.72128
-0.99953
0.76284
-0.13458
-0.56196
0.97056
-0.88394
0.34791
0.36403
-0.89101
0.96772
-0.55716
-0.13276
0.75542
-0.99997
0.74588
-0.12126
-0.5628
0.96775
-0.89481
0.38161
0.31834
-0.86166
0.9836
-0.6263
-0.034899
0.67845
-0.99335
0.829
-0.26619
-0.42367
0.91007
-0.96169
0.55557
0.11381
-0.72856
0.99858
-0.79798
0.22276
0.45618
-0.92117
0.9563
-0.54687
-0.11564
0.72392
-0.99764
0.81217
-0.25434
-0.41922
0.9007
-0.97171
0.6016
0.040418
-0.66344
0.98701
-0.86698
0.35881
0.30902
-0.83841
0.99472
-0.71014
0.11212
0.53459
-0.94561
0.9417
-0.52621
-0.11815
0.71038
-0.99394
0.84747
-0.3358
-0.31963
0.83722
-0.99619
0.73019
-0.15401
-0.48678
0.92093
-0.96619
0.60508
0.0093401
-0.61909
0.96992
-0.91695
0.4838
0.14889
-0.71939
0.99335
-0.85965
0.37461
0.26257
-0.79219
0.99996
-0.80321
0.2829
0.35046
-0.84255
0.99725
-0.75431
0.21191
0.41376
-0.87515
0.99115
-0.71763
0.16337
0.45399
-0.89374
0.98588
-0.69618
0.13809
0.47242
-0.90082
0.98393
-0.69151
0.1364
0.46971
-0.89738
0.9861
-0.70397
0.15832
0.44577
-0.88295
0.99151
-0.73265
0.20358
0.39975
-0.85551
0.99754
-0.77538
0.27144
0.33027
-0.81173
0.9999
-0.82843
0.36034
0.23583
-0.74719
0.99255
-0.88622
0.4673
0.11544
-0.65688
0.96789
-0.94108
0.58729
-0.030539
-0.53598
0.91717
-0.98304
0.71249
-0.1993
-0.38092
0.8312
-1
0.83173
-0.38445
-0.19088
0.70169
-0.97839
0.93032
-0.57486
0.030539
0.52302
-0.90457
0.99041
-0.75399
0.27347
0.29472
-0.76714
0.99255
-0.89996
0.5204
0.024064
-0.5601
0.91839
-0.98695
0.74565
-0.27144
-0.28669
0.75489
-0.98854
0.91662
-0.56275
0.036807
0.49959
-0.88295
0.9976
-0.81014
0.37859
0.16612
-0.66022
0.95638
-0.96744
0.69151
-0.21158
-0.32995
0.77375
-0.99042
0.9179
-0.5787
0.072409
0.45399
-0.84895
0.99989
-0.8649
0.48386
0.033877
-0.5412
0.89521
-0.99725
0.82005
-0.41445
-0.10568
0.5957
-0.92053
0.99169
-0.79098
0.37461
0.14302
-0.62102
0.93044
-0.98885
0.78189
-0.36625
-0.14626
0.61909
-0.92741
0.99083
-0.79398
0.38973
0.11544
-0.58977
0.91067
-0.99619
0.82563
-0.444
-0.050225
0.53084
-0.87623
0.99999
-0.8722
0.52621
-0.049544
-0.43862
0.81731
-0.99369
0.92551
-0.6308
0.1827
0.30902
-0.72505
0.96543
-0.97336
0.74823
-0.34503
-0.13944
0.59004
-0.9007
0.9992
-0.8637
0.52708
-0.068668
-0.4048
0.78413
-0.98277
0.9563
-0.71205
0.30668
0.16727
-0.60269
0.90214
-0.99953
0.87432
-0.55557
0.11476
0.35046
-0.73806
0.96392
-0.97991
0.7838
-0.41909
-0.034899
0.48057
-0.82304
0.99028
-0.94798
0.70629
-0.31705
-0.13762
0.5628
-0.87066
0.99841
-0.9209
0.65524
-0.25665
-0.19322
0.60318
-0.89101
0.9998
-0.90894
0.63771
-0.24086
-0.20264
0.60551
-0.8893
0.99953
-0.91594
0.65585
-0.27032
-0.16612
0.57005
-0.86507
0.99615
-0.93969
0.70744
-0.34381
-0.082876
0.49337
-0.81225
0.98168
-0.97171
0.78532
-0.45733
0.047706
0.36961
-0.7201
0.94193
-0.99672
0.87591
-0.60182
0.22329
0.19322
-0.57542
0.85773
-0.99242
0.95749
-0.76001
0.43445
-0.036467
-0.36675
0.70793
-0.93082
0.99939
-0.90341
0.6597
-0.30902
-0.091026
0.47548
-0.78265
0.96392
-0.99129
0.86149
-0.59608
0.23769
0.15704
-0.52645
0.81352
-0.97461
0.98591
-0.84674
0.57931
-0.22495
-0.16242
0.52459
-0.80777
0.97056
-0.9898
0.8637
-0.61173
0.27144
0.10731
-0.46971
0.76398
-0.94867
0.99839
-0.90711
0.6887
-0.37461
0.0092038
0.35659
-0.67242
0.89542
-0.99591
0.96119
-0.79695
0.52621
-0.18592
-0.17821
0.5179
-0.78868
0.95568
-0.99798
0.91106
-0.70711
0.41314
-0.067308
-0.28617
0.60269
-0.84284
0.97729
-0.99018
0.88089
-0.66379
0.36625
-0.025018
-0.31834
0.62257
-0.85164
0.97895
-0.99027
0.88521
-0.677
0.39067
-0.05996
-0.27675
0.58092
-0.81825
0.96246
-0.9981
0.9221
-0.74383
0.48386
-0.17143
-0.15886
0.47098
-0.73135
0.91246
-0.99563
0.97286
-0.84747
0.6335
-0.35404
0.038647
0.27983
-0.56871
0.7988
-0.9473
0.99997
-0.95238
0.81014
-0.58817
0.30902
-0.00047724
-0.3072
0.5843
-0.80451
0.9473
-0.99985
0.95802
-0.82659
0.61861
-0.35404
0.057714
0.24298
-0.5207
0.75058
-0.91246
0.99255
-0.98451
0.88989
-0.71778
0.48386
-0.20891
-0.08308
0.36707
-0.61909
0.81825
-0.94841
0.99943
-0.96787
0.85713
-0.677
0.44272
-0.17365
-0.10839
0.38092
-0.62257
0.81475
-0.94303
0.99815
-0.97663
0.88089
-0.71891
0.50354
-0.25137
-0.018543
0.28617
-0.532
0.73843
-0.89101
0.97939
-0.99798
0.9462
-0.82843
0.65353
-0.4342
0.18592
0.074108
-0.32821
0.55942
-0.7526
0.89542
-0.97906
0.99873
-0.95386
0.84805
-0.6887
0.48648
-0.25454
0.0076357
0.23881
-0.46971
0.67121
-0.83147
0.94138
-0.995
0.9898
-0.92677
0.81026
-0.64758
0.44858
-0.22495
-0.010431
0.2443
-0.46374
0.65688
-0.81352
0.92564
-0.98778
0.99725
-0.95419
0.86149
-0.72458
0.55103
-0.35014
0.13242
0.091026
-0.30902
0.51088
-0.68697
0.82908
-0.93082
0.98787
-0.99812
0.96169
-0.88089
0.76001
-0.60508
0.42354
-0.22389
0.015203
0.19322
-0.3923
0.57358
-0.72954
0.85392
-0.94193
0.99042
-0.99793
0.96472
-0.8927
0.78532
-0.64732
0.48457
-0.30376
0.11212
0.082876
-0.2738
0.45357
-0.61566
0.7544
-0.86507
0.94411
-0.98918
0.99918
-0.97431
0.91594
-0.82659
0.70975
-0.56977
0.41165
-0.24086
0.063158
0.11564
-0.28983
0.45399
-0.60318
0.73303
-0.83989
0.92093
-0.97414
0.99841
-0.9935
0.96005
-0.89948
0.81396
-0.70629
0.57981
-0.43831
0.28585
-0.12667
-0.034899
0.19462
-0.34842
0.49248
-0.62337
0.73806
-0.83404
0.90931
-0.96246
0.99262
-0.99953
0.98344
-0.94516
0.88597
-0.80757
0.71205
-0.60182
0.47949
-0.34791
0.20998
-0.068668
-0.073089
0.21244
-0.34669
0.47332
-0.59004
0.69485
-0.78603
0.86218
-0.92223
0.96543
-0.99138
1
-0.50041
-0.49835
0.99999
-0.5066
-0.48963
0.99985
-0.52011
-0.47332
0.99925
-0.54075
-0.44918
0.99764
-0.56815
-0.41693
0.99424
-0.60182
-0.37619
0.98807
-0.64106
-0.3266
0.97793
-0.68498
-0.26783
0.96246
-0.73242
-0.19964
0.94009
-0.78193
-0.12194
0.90917
-0.83173
-0.034899
0.86796
-0.87973
0.06098
0.81475
-0.92344
0.16478
0.74792
-0.96005
0.27505
0.66609
-0.98645
0.38973
0.56826
-0.9993
0.50607
0.45399
-0.99514
0.62059
0.32357
-0.97056
0.72907
0.17821
-0.92244
0.82659
0.020247
-0.84819
0.90766
-0.14673
-0.7461
0.96642
-0.31776
-0.61566
0.99695
-0.48648
-0.45793
0.99369
-0.64524
-0.2759
0.95192
-0.78532
-0.07472
0.86833
-0.89732
0.13809
0.74173
-0.97179
0.3527
0.57358
-0.99995
0.55716
0.36859
-0.97461
0.73797
0.13512
-0.89128
0.88089
-0.11476
-0.74914
0.9721
-0.36549
-0.55199
0.99961
-0.59871
-0.30902
0.95488
-0.79451
-0.034968
0.83449
-0.93316
0.25012
0.64159
-0.99725
0.52198
0.38696
-0.97414
0.75399
0.089397
-0.85843
0.91984
-0.22495
-0.65405
0.99672
-0.5243
-0.37562
0.96898
-0.77422
-0.048591
0.83147
-0.9417
0.29211
0.59224
-0.99997
0.60524
0.2738
-0.93341
0.84805
-0.087631
-0.74187
0.98244
-0.44522
-0.44333
0.98168
-0.7471
-0.074108
0.83662
-0.944
0.31413
0.5601
-0.998
0.66078
0.1882
-0.89101
0.90559
-0.22256
-0.63107
0.99983
-0.60263
-0.25487
0.9173
-0.88089
0.17519
0.66282
-0.99857
0.57981
0.2757
-0.92315
0.87696
-0.17365
-0.65899
0.99913
-0.59477
-0.25144
0.91044
-0.89481
0.21797
0.61909
-0.99986
0.64592
0.18123
-0.87515
0.92959
-0.30668
-0.53874
0.99255
-0.7272
-0.063498
0.80777
-0.97003
0.43537
0.41097
-0.96262
0.82659
-0.10175
-0.69485
0.99778
-0.59395
-0.22927
0.89014
-0.92406
0.30902
0.52209
-0.98739
0.76319
-0.0076357
-0.7526
0.99023
-0.54229
-0.27983
0.9084
-0.91165
0.28918
0.53084
-0.98736
0.77006
-0.028835
-0.73135
0.99523
-0.5858
-0.21864
0.87515
-0.94298
0.3784
0.43892
-0.96246
0.84423
-0.16478
-0.62342
0.9982
-0.7132
-0.041712
0.76854
-0.99027
0.5632
0.23159
-0.87465
0.94798
-0.40568
-0.399
0.94501
-0.88089
0.24979
0.5412
-0.98463
0.79798
-0.10229
-0.65791
0.99945
-0.70711
-0.032242
0.75058
-0.9956
0.6148
0.15111
-0.8218
0.97892
-0.52621
-0.25309
0.87475
-0.95468
0.44522
0.33798
-0.91277
0.92736
-0.37461
-0.4063
0.93904
-0.90067
0.31627
0.4589
-0.95638
0.87748
-0.27144
-0.49675
0.96712
-0.85993
0.24086
0.5207
-0.97294
0.84945
-0.22495
-0.53136
0.97492
-0.84685
0.22389
0.52905
-0.97344
0.85232
-0.23769
-0.51369
0.96822
-0.86545
0.26619
0.48487
-0.95828
0.88521
-0.30902
-0.44186
0.942
-0.90993
0.36549
0.38375
-0.91717
0.93722
-0.43445
-0.3096
0.88102
-0.9639
0.5141
0.21864
-0.83041
0.986
-0.60182
-0.11056
0.762
-0.99874
0.69387
-0.014112
-0.67257
0.99662
-0.78532
0.15367
0.55942
-0.97364
0.86982
-0.3048
-0.42089
0.9237
-0.93969
0.46217
0.25697
-0.84108
0.9861
-0.61818
-0.070029
0.72128
-0.99953
0.76284
-0.13458
-0.56196
0.97056
-0.88394
0.34791
0.36403
-0.89101
0.96772
-0.55716
-0.13276
0.75542
-0.99997
0.74588
-0.12126
-0.5628
0.96775
-0.89481
0.38161
0.31834
-0.86166
0.9836
-0.6263
-0.034899
0.67845
-0.99335
0.829
-0.26619
-0.42367
0.91007
-0.96169
0.55557
0.11381
-0.72856
0.99858
-0.79798
0.22276
0.45618
-0.92117
0.9563
-0.54687
-0.11564
0.72392
-0.99764
0.81217
-0.25434
-0.41922
0.9007
-0.97171
0.6016
0.040418
-0.66344
0.98701
-0.86698
0.35881
0.30902
-0.83841
0.99472
-0.71014
0.11212
0.53459
-0.94561
0.9417
-0.52621
-0.11815
0.71038
-0.99394
0.84747
-0.3358
-0.31963
0.83722
-0.99619
0.73019
-0.15401
-0.48678
0.92093
-0.96619
0.60508
0.0093401
-0.61909
0.96992
-0.91695
0.4838
0.14889
-0.71939
0.99335
-0.85965
0.37461
0.26257
-0.79219
0.99996
-0.80321
0.2829
0.35046
-0.84255
0.99725
-0.75431
0.21191
0.41376
-0.87515
0.99115
-0.71763
0.16337
0.45399
-0.89374
0.98588
-0.69618
0.13809
0.47242
-0.90082
0.98393
-0.69151
0.1364
0.46971
-0.89738
0.9861
-0.70397
0.15832
0.44577
-0.88295
0.99151
-0.73265
0.20358
0.39975
-0.85551
0.99754
-0.77538
0.27144
0.33027
-0.81173
0.9999
-0.82843
0.36034
0.23583
-0.74719
0.99255
-0.88622
0.4673
0.11544
-0.65688
0.96789
-0.94108
0.58729
-0.030539
-0.53598
0.91717
-0.98304
0.71249
-0.1993
-0.38092
0.8312
-1
0.83173
-0.38445
-0.19088
0.70169
-0.97839
0.93032
-0.57486
0.030539
0.52302
-0.90457
0.99041
-0.75399
0.27347
0.29472
-0.76714
0.99255
-0.89996
0.5204
0.024064
-0.5601
0.91839
-0.98695
0.74565
-0.27144
-0.28669
0.75489
-0.98854
0.91662
-0.56275
0.036807
0.49959
-0.88295
0.9976
-0.81014
0.37859
0.16612
-0.66022
0.95638
-0.96744
0.69151
-0.21158
-0.32995
0.77375
-0.99042
0.9179
-0.5787
0.072409
0.45399
-0.84895
0.99989
-0.8649
0.48386
0.033877
-0.5412
0.89521
-0.99725
0.82005
-0.41445
-0.10568
0.5957
-0.92053
0.99169
-0.79098
0.37461
0.14302
-0.62102
0.93044
-0.98885
0.78189
-0.36625
-0.14626
0.61909
-0.92741
0.99083
-0.79398
0.38973
0.11544
-0.58977
0.91067
-0.99619
0.82563
-0.444
-0.050225
0.53084
-0.87623
0.99999
-0.8722
0.52621
-0.049544
-0.43862
0.81731
-0.99369
0.92551
-0.6308
0.1827
0.30902
-0.72505
0.96543
-0.97336
0.74823
-0.34503
-0.13944
0.59004
-0.9007
0.9992
-0.8637
0.52708
-0.068668
-0.4048
0.78413
-0.98277
0.9563
-0.71205
0.30668
0.16727
-0.60269
0.90214
-0.99953
0.87432
-0.55557
0.11476
0.35046
-0.73806
0.96392
-0.97991
0.7838
-0.41909
-0.034899
0.48057
-0.82304
0.99028
-0.94798
0.70629
-0.31705
-0.13762
0.5628
-0.87066
0.99841
-0.9209
0.65524
-0.25665
-0.19322
0.60318
-0.89101
0.9998
-0.90894
0.63771
-0.24086
-0.20264
0.60551
-0.8893
0.99953
-0.91594
0.65585
-0.27032
-0.16612
0.57005
-0.86507
0.99615
-0.93969
0.70744
-0.34381
-0.082876
0.49337
-0.81225
0.98168
-0.97171
0.78532
-0.45733
0.047706
0.36961
-0.7201
0.94193
-0.99672
0.87591
-0.60182
0.22329
0.19322
-0.57542
0.85773
-0.99242
0.95749
-0.76001
0.43445
-0.036467
-0.36675
0.70793
-0.93082
0.99939
-0.90341
0.6597
-0.30902
-0.091026
0.47548
-0.78265
0.96392
-0.99129
0.86149
-0.59608
0.23769
0.15704
-0.52645
0.81352
-0.97461
0.98591
-0.84674
0.57931
-0.22495
-0.16242
0.52459
-0.80777
0.97056
-0.9898
0.8637
-0.61173
0.27144
0.10731
-0.46971
0.76398
-0.94867
0.99839
-0.90711
0.6887
-0.37461
0.0092038
0.35659
-0.67242
0.89542
-0.99591
0.96119
-0.79695
0.52621
-0.18592
-0.17821
0.5179
-0.78868
0.95568
-0.99798
0.91106
-0.70711
0.41314
-0.067308
-0.28617
0.60269
-0.84284
0.97729
-0.99018
0.88089
-0.66379
0.36625
-0.025018
-0.31834
0.62257
-0.85164
0.97895
-0.99027
0.88521
-0.677
0.39067
-0.05996
-0.27675
0.58092
-0.81825
0.96246
-0.9981
0.9221
-0.74383
0.48386
-0.17143
-0.15886
0.47098
-0.73135
0.91246
-0.99563
0.97286
-0.84747
0.6335
-0.35404
0.038647
0.27983
-0.56871
0.7988
-0.9473
0.99997
-0.95238
0.81014
-0.58817
0.30902
-0.00047724
-0.3072
0.5843
-0.80451
0.9473
-0.99985
0.95802
-0.82659
0.61861
-0.35404
0.057714
0.24298
-0.5207
0.75058
-0.91246
0.99255
-0.98451
0.88989
-0.71778
0.48386
-0.20891
-0.08308
0.36707
-0.61909
0.81825
-0.94841
0.99943
-0.96787
0.85713
-0.677
0.44272
-0.17365
-0.10839
0.38092
-0.62257
0.81475
-0.94303
0.99815
-0.97663
0.88089
-0.71891
0.50354
-0.25137
-0.018543
0.28617
-0.532
0.73843
-0.89101
0.97939
-0.99798
0.9462
-0.82843
0.65353
-0.4342
0.18592
0.074108
-0.32821
0.55942
-0.7526
0.89542
-0.97906
0.99873
-0.95386
0.84805
-0.6887
0.48648
-0.25454
0.0076357
0.23881
-0.46971
0.67121
-0.83147
0.94138
-0.995
0.9898
-0.92677
0.81026
-0.64758
0.44858
-0.22495
-0.010431
0.2443
-0.46374
0.65688
-0.81352
0.92564
-0.98778
0.99725
-0.95419
0.86149
-0.72458
0.55103
-0.35014
0.13242
0.091026
-0.30902
0.51088
-0.68697
0.82908
-0.93082
0.98787
-0.99812
0.96169
-0.88089
0.76001
-0.60508
0.42354
-0.22389
0.015203
0.19322
-0.3923
0.57358
-0.72954
0.85392
-0.94193
0.99042
-0.99793
0.96472
-0.8927
0.78532
-0.64732
0.48457
-0.30376
0.11212
0.082876
-0.2738
0.45357
-0.61566
0.7544
-0.86507
0.94411
-0.98918
0.99918
-0.97431
0.91594
-0.82659
0.70975
-0.56977
0.41165
-0.24086
0.063158
0.11564
-0.28983
0.45399
-0.60318
0.73303
-0.83989
0.92093
-0.97414
0.99841
-0.9935
0.96005
-0.89948
0.81396
-0.70629
0.57981
-0.43831
0.28585
-0.12667
-0.034899
0.19462
-0.34842
0.49248
-0.62337
0.73806
-0.83404
0.90931
-0.96246
0.99262
-0.99953
0.98344
-0.94516
0.88597
-0.80757
0.71205
-0.60182
0.47949
-0.34791
0.20998
-0.068668
-0.073089
0.21244
-0.34669
0.47332
-0.59004
0.69485
-0.78603
0.86218
-0.92223
0.96543
-0.99138
