1
-0.70711
-1.837e-16
0.70711
-1
0.70711
-1.2253e-15
-0.70711
1
-0.70711
-2.6948e-15
0.70711
-1
0.70711
-4.9048e-16
-0.70711
1
-0.70711
3.6758e-15
0.70711
-1
0.70711
2.4431e-16
-0.70711
1
-0.70711
-4.1644e-15
0.70711
-1
0.70711
9.791e-16
-0.70711
1
-0.70711
-4.8992e-15
0.70711
-1
0.70711
-5.3915e-15
-0.70711
1
-0.70711
1.4714e-15
0.70711
-1
0.70711
2.4487e-15
-0.70711
1
-0.70711
-6.3688e-15
0.70711
-1
0.70711
1.0289e-14
-0.70711
1
-0.70711
1.4213e-14
0.70711
-1
0.70711
-1.0293e-14
-0.70711
1
-0.70711
6.3725e-15
0.70711
-1
0.70711
2.5969e-14
-0.70711
1
-0.70711
-1.4677e-15
0.70711
-1
0.70711
5.3878e-15
-0.70711
1
-0.70711
-9.3079e-15
0.70711
-1
0.70711
-1.5194e-14
-0.70711
1
-0.70711
-1.7148e-14
0.70711
-1
0.70711
2.1068e-14
-0.70711
1
-0.70711
-2.4988e-14
0.70711
-1
0.70711
2.8908e-14
-0.70711
1
-0.70711
2.4015e-14
0.70711
-1
0.70711
-2.0095e-14
-0.70711
1
-0.70711
-1.2247e-14
0.70711
-1
0.70711
-1.2255e-14
-0.70711
1
-0.70711
-2.0087e-14
0.70711
-1
0.70711
5.2429e-14
-0.70711
1
-0.70711
2.8916e-14
0.70711
-1
0.70711
3.4259e-15
-0.70711
1
-0.70711
2.1076e-14
0.70711
-1
0.70711
1.1266e-14
-0.70711
1
-0.70711
-4.3608e-14
0.70711
-1
0.70711
1.9106e-14
-0.70711
1
-0.70711
5.3953e-15
0.70711
-1
0.70711
-2.9897e-14
-0.70711
1
-0.70711
-2.445e-15
0.70711
-1
0.70711
3.4787e-14
-0.70711
1
-0.70711
-1.0285e-14
0.70711
-1
0.70711
4.2627e-14
-0.70711
1
-0.70711
-1.8125e-14
0.70711
-1
0.70711
-6.3762e-15
-0.70711
1
-0.70711
-2.5966e-14
0.70711
-1
0.70711
5.8307e-14
-0.70711
1
-0.70711
-3.3806e-14
0.70711
-1
0.70711
-4.7539e-14
-0.70711
1
-0.70711
-4.1646e-14
0.70711
-1
0.70711
1.7144e-14
-0.70711
1
-0.70711
-4.9486e-14
0.70711
-1
0.70711
2.4985e-14
-0.70711
1
-0.70711
-4.8305e-16
0.70711
-1
0.70711
3.2825e-14
-0.70711
1
-0.70711
4.852e-14
0.70711
-1
0.70711
-1.6178e-14
-0.70711
1
-0.70711
-1.6163e-14
0.70711
-1
0.70711
4.8505e-14
-0.70711
1
-0.70711
3.284e-14
0.70711
-1
0.70711
-4.9791e-16
-0.70711
1
-0.70711
-3.1844e-14
0.70711
-1
0.70711
-4.9501e-14
-0.70711
1
-0.70711
-9.6528e-14
0.70711
-1
0.70711
1.5183e-14
-0.70711
1
-0.70711
-4.7524e-14
0.70711
-1
0.70711
-3.3821e-14
-0.70711
1
-0.70711
1.4789e-15
0.70711
-1
0.70711
3.0863e-14
-0.70711
1
-0.70711
5.0482e-14
0.70711
-1
0.70711
9.5547e-14
-0.70711
1
-0.70711
-1.4202e-14
0.70711
-1
0.70711
4.6543e-14
-0.70711
1
-0.70711
-7.8885e-14
0.70711
-1
0.70711
-2.4598e-15
-0.70711
1
-0.70711
-2.9882e-14
0.70711
-1
0.70711
-5.1463e-14
-0.70711
1
-0.70711
-9.4566e-14
0.70711
-1
0.70711
1.3221e-14
-0.70711
1
-0.70711
6.8124e-14
0.70711
-1
0.70711
7.7904e-14
-0.70711
1
-0.70711
3.4408e-15
0.70711
-1
0.70711
2.8901e-14
-0.70711
1
-0.70711
5.2444e-14
0.70711
-1
0.70711
9.3585e-14
-0.70711
1
-0.70711
-1.224e-14
0.70711
-1
0.70711
-6.9105e-14
-0.70711
1
-0.70711
-7.6923e-14
0.70711
-1
0.70711
-4.4217e-15
-0.70711
1
-0.70711
-2.792e-14
0.70711
-1
0.70711
6.0262e-14
-0.70711
1
-0.70711
-9.2604e-14
0.70711
-1
0.70711
1.1259e-14
-0.70711
1
-0.70711
7.0086e-14
0.70711
-1
0.70711
7.5942e-14
-0.70711
1
-0.70711
-1.0828e-13
0.70711
-1
0.70711
-8.6748e-14
-0.70711
1
-0.70711
-5.9281e-14
0.70711
-1
0.70711
9.1623e-14
-0.70711
1
-0.70711
1.0341e-13
0.70711
-1
0.70711
4.262e-14
-0.70711
1
-0.70711
-7.4961e-14
0.70711
-1
0.70711
1.073e-13
-0.70711
1
-0.70711
8.7729e-14
0.70711
-1
0.70711
5.83e-14
-0.70711
1
-0.70711
-9.0642e-14
0.70711
-1
0.70711
-1.0439e-13
-0.70711
1
-0.70711
-4.1639e-14
0.70711
-1
0.70711
-3.9706e-14
-0.70711
1
-0.70711
-1.0632e-13
0.70711
-1
0.70711
2.4977e-14
-0.70711
1
-0.70711
5.6368e-14
0.70711
-1
0.70711
8.9661e-14
-0.70711
1
-0.70711
-8.3158e-15
0.70711
-1
0.70711
-7.3029e-14
-0.70711
1
-0.70711
-7.2999e-14
0.70711
-1
0.70711
2.1903e-13
-0.70711
1
-0.70711
8.9691e-14
0.70711
-1
0.70711
5.6338e-14
-0.70711
1
-0.70711
-2.0237e-13
0.70711
-1
0.70711
-1.0635e-13
-0.70711
1
-0.70711
-3.9677e-14
0.70711
-1
0.70711
-4.1668e-14
-0.70711
1
-0.70711
-1.0436e-13
0.70711
-1
0.70711
2.3015e-14
-0.70711
1
-0.70711
5.833e-14
0.70711
-1
0.70711
8.7699e-14
-0.70711
1
-0.70711
-6.3539e-15
0.70711
-1
0.70711
-7.4991e-14
-0.70711
1
-0.70711
-7.1038e-14
0.70711
-1
0.70711
-1.0307e-14
-0.70711
1
-0.70711
9.1652e-14
0.70711
-1
0.70711
5.4376e-14
-0.70711
1
-0.70711
-2.004e-13
0.70711
-1
0.70711
-1.0831e-13
-0.70711
1
-0.70711
-3.7715e-14
0.70711
-1
0.70711
1.8374e-13
-0.70711
1
-0.70711
1.2498e-13
0.70711
-1
0.70711
2.1053e-14
-0.70711
1
-0.70711
6.0292e-14
0.70711
-1
0.70711
8.5737e-14
-0.70711
1
-0.70711
-4.392e-15
0.70711
-1
0.70711
-7.6953e-14
-0.70711
1
-0.70711
-6.9076e-14
0.70711
-1
0.70711
-1.2269e-14
-0.70711
1
-0.70711
9.3614e-14
0.70711
-1
0.70711
5.2414e-14
-0.70711
1
-0.70711
-1.9844e-13
0.70711
-1
0.70711
-1.1028e-13
-0.70711
1
-0.70711
-3.5753e-14
0.70711
-1
0.70711
1.8178e-13
-0.70711
1
-0.70711
1.2694e-13
0.70711
-1
0.70711
1.9091e-14
-0.70711
1
-0.70711
-1.6512e-13
0.70711
-1
0.70711
8.3775e-14
-0.70711
1
-0.70711
-2.4301e-15
0.70711
-1
0.70711
1.4846e-13
-0.70711
1
-0.70711
-6.7114e-14
0.70711
-1
0.70711
-1.4231e-14
-0.70711
1
-0.70711
9.5576e-14
0.70711
-1
0.70711
5.0452e-14
-0.70711
1
-0.70711
-1.9648e-13
0.70711
-1
0.70711
-1.1224e-13
-0.70711
1
-0.70711
-3.3791e-14
0.70711
-1
0.70711
1.7982e-13
-0.70711
1
-0.70711
1.289e-13
0.70711
-1
0.70711
1.713e-14
-0.70711
1
-0.70711
-1.6316e-13
0.70711
-1
0.70711
8.1813e-14
-0.70711
1
-0.70711
-4.6819e-16
0.70711
-1
0.70711
1.465e-13
-0.70711
1
-0.70711
-6.5152e-14
0.70711
-1
0.70711
-1.6193e-14
-0.70711
1
-0.70711
-1.2984e-13
0.70711
-1
0.70711
4.849e-14
-0.70711
1
-0.70711
3.2855e-14
0.70711
-1
0.70711
1.1317e-13
-0.70711
1
-0.70711
-3.1829e-14
0.70711
-1
0.70711
1.7786e-13
-0.70711
1
-0.70711
1.3086e-13
0.70711
-1
0.70711
1.5168e-14
-0.70711
1
-0.70711
-1.612e-13
0.70711
-1
0.70711
-1.4752e-13
-0.70711
1
-0.70711
1.4937e-15
0.70711
-1
0.70711
1.4453e-13
-0.70711
1
-0.70711
-6.319e-14
0.70711
-1
0.70711
-1.8155e-14
-0.70711
1
-0.70711
-1.2787e-13
0.70711
-1
0.70711
4.6529e-14
-0.70711
1
-0.70711
3.4816e-14
0.70711
-1
0.70711
1.1121e-13
-0.70711
1
-0.70711
-2.9867e-14
0.70711
-1
0.70711
-5.1478e-14
-0.70711
1
-0.70711
-9.4551e-14
0.70711
-1
0.70711
1.3206e-14
-0.70711
1
-0.70711
6.8139e-14
0.70711
-1
0.70711
7.7889e-14
-0.70711
1
-0.70711
3.4556e-15
0.70711
-1
0.70711
-8.4801e-14
-0.70711
1
-0.70711
-6.1228e-14
0.70711
-1
0.70711
-2.0117e-14
-0.70711
1
-0.70711
1.0146e-13
0.70711
-1
0.70711
4.4567e-14
-0.70711
1
-0.70711
3.6778e-14
0.70711
-1
0.70711
1.0925e-13
-0.70711
1
-0.70711
-2.7905e-14
0.70711
-1
0.70711
-5.344e-14
-0.70711
1
-0.70711
-9.2589e-14
0.70711
-1
0.70711
1.1244e-14
-0.70711
1
-0.70711
7.0101e-14
0.70711
-1
0.70711
7.5927e-14
-0.70711
1
-0.70711
5.4175e-15
0.70711
-1
0.70711
-8.6763e-14
-0.70711
1
-0.70711
-5.9266e-14
0.70711
-1
0.70711
-2.2079e-14
-0.70711
1
-0.70711
1.0342e-13
0.70711
-1
0.70711
4.2605e-14
-0.70711
1
-0.70711
3.874e-14
0.70711
-1
0.70711
3.3466e-13
-0.70711
1
-0.70711
-2.5332e-13
0.70711
-1
0.70711
1.7197e-13
-0.70711
1
-0.70711
-9.0627e-14
0.70711
-1
0.70711
9.2819e-15
-0.70711
1
-0.70711
7.2063e-14
0.70711
-1
0.70711
3.0134e-13
-0.70711
1
-0.70711
-2.1999e-13
0.70711
-1
0.70711
-3.161e-13
-0.70711
1
-0.70711
-5.7304e-14
0.70711
-1
0.70711
-2.4041e-14
-0.70711
1
-0.70711
1.0539e-13
0.70711
-1
0.70711
2.6802e-13
-0.70711
1
-0.70711
-1.8667e-13
0.70711
-1
0.70711
1.0533e-13
-0.70711
1
-0.70711
-2.3981e-14
0.70711
-1
0.70711
-5.7364e-14
-0.70711
1
-0.70711
-3.1604e-13
0.70711
-1
0.70711
2.3469e-13
-0.70711
1
-0.70711
-1.5335e-13
0.70711
-1
0.70711
7.2004e-14
-0.70711
1
-0.70711
9.3414e-15
0.70711
-1
0.70711
-9.0686e-14
-0.70711
1
-0.70711
-2.8272e-13
0.70711
-1
0.70711
2.0137e-13
-0.70711
1
-0.70711
3.3472e-13
0.70711
-1
0.70711
3.8681e-14
-0.70711
1
-0.70711
4.2664e-14
0.70711
-1
0.70711
-1.2401e-13
-0.70711
1
-0.70711
-2.4939e-13
0.70711
-1
0.70711
1.6805e-13
-0.70711
1
-0.70711
-8.6703e-14
0.70711
-1
0.70711
5.3581e-15
-0.70711
1
-0.70711
7.5987e-14
0.70711
-1
0.70711
2.9742e-13
-0.70711
1
-0.70711
-2.1607e-13
0.70711
-1
0.70711
1.3473e-13
-0.70711
1
-0.70711
-5.338e-14
0.70711
-1
0.70711
-2.7965e-14
-0.70711
1
-0.70711
1.0931e-13
0.70711
-1
0.70711
2.6409e-13
-0.70711
1
-0.70711
-1.8275e-13
0.70711
-1
0.70711
1.014e-13
-0.70711
1
-0.70711
-2.0058e-14
0.70711
-1
0.70711
-6.1287e-14
-0.70711
1
-0.70711
-3.1211e-13
0.70711
-1
0.70711
2.3077e-13
-0.70711
1
-0.70711
-1.4942e-13
0.70711
-1
0.70711
6.808e-14
-0.70711
1
-0.70711
1.3265e-14
0.70711
-1
0.70711
-9.461e-14
-0.70711
1
-0.70711
-2.7879e-13
0.70711
-1
0.70711
1.9745e-13
-0.70711
1
-0.70711
-1.161e-13
0.70711
-1
0.70711
3.4757e-14
-0.70711
1
-0.70711
4.6588e-14
0.70711
-1
0.70711
-1.2793e-13
-0.70711
1
-0.70711
-2.4547e-13
0.70711
-1
0.70711
1.6412e-13
-0.70711
1
-0.70711
-8.2779e-14
0.70711
-1
0.70711
1.4343e-15
-0.70711
1
-0.70711
7.9911e-14
0.70711
-1
0.70711
2.9349e-13
-0.70711
1
-0.70711
-2.1215e-13
0.70711
-1
0.70711
1.308e-13
-0.70711
1
-0.70711
-4.9457e-14
0.70711
-1
0.70711
-3.1888e-14
-0.70711
1
-0.70711
1.1323e-13
0.70711
-1
0.70711
2.6017e-13
-0.70711
1
-0.70711
-1.7882e-13
0.70711
-1
0.70711
9.7479e-14
-0.70711
1
-0.70711
-1.6134e-14
0.70711
-1
0.70711
-6.5211e-14
-0.70711
1
-0.70711
1.4656e-13
0.70711
-1
0.70711
2.2685e-13
-0.70711
1
-0.70711
-1.455e-13
0.70711
-1
0.70711
6.4156e-14
-0.70711
1
-0.70711
1.7189e-14
0.70711
-1
0.70711
-9.8534e-14
-0.70711
1
-0.70711
-2.7487e-13
0.70711
-1
0.70711
1.9352e-13
-0.70711
1
-0.70711
-1.1218e-13
0.70711
-1
0.70711
3.0833e-14
-0.70711
1
-0.70711
5.0512e-14
0.70711
-1
0.70711
-1.3186e-13
-0.70711
1
-0.70711
-2.4155e-13
0.70711
-1
0.70711
1.602e-13
-0.70711
1
-0.70711
-7.8855e-14
0.70711
-1
0.70711
-2.4895e-15
-0.70711
1
-0.70711
8.3835e-14
0.70711
-1
0.70711
2.8957e-13
-0.70711
1
-0.70711
-2.0822e-13
0.70711
-1
0.70711
1.2688e-13
-0.70711
1
-0.70711
-4.5533e-14
0.70711
-1
0.70711
-3.5812e-14
-0.70711
1
-0.70711
1.1716e-13
0.70711
-1
0.70711
2.5625e-13
-0.70711
1
-0.70711
-1.749e-13
0.70711
-1
0.70711
9.3555e-14
-0.70711
1
-0.70711
-1.221e-14
0.70711
-1
0.70711
-6.9135e-14
-0.70711
1
-0.70711
1.5048e-13
0.70711
-1
0.70711
2.2292e-13
-0.70711
1
-0.70711
-1.4158e-13
0.70711
-1
0.70711
6.0232e-14
-0.70711
1
-0.70711
2.1113e-14
0.70711
-1
0.70711
-1.0246e-13
-0.70711
1
-0.70711
-2.7094e-13
0.70711
-1
0.70711
1.896e-13
-0.70711
1
-0.70711
-1.0825e-13
0.70711
-1
0.70711
2.6909e-14
-0.70711
1
-0.70711
5.4436e-14
0.70711
-1
0.70711
-1.3578e-13
-0.70711
1
-0.70711
-2.3762e-13
0.70711
-1
0.70711
1.5628e-13
-0.70711
1
-0.70711
-7.4932e-14
0.70711
-1
0.70711
-6.4133e-15
-0.70711
1
-0.70711
8.7758e-14
0.70711
-1
0.70711
-1.691e-13
-0.70711
1
-0.70711
-2.043e-13
0.70711
-1
0.70711
1.2295e-13
-0.70711
1
-0.70711
-4.1609e-14
0.70711
-1
0.70711
-3.9736e-14
-0.70711
1
-0.70711
1.2108e-13
0.70711
-1
0.70711
2.5232e-13
-0.70711
1
-0.70711
-1.7098e-13
0.70711
-1
0.70711
8.9631e-14
-0.70711
1
-0.70711
-8.2861e-15
0.70711
-1
0.70711
-7.3059e-14
-0.70711
1
-0.70711
1.544e-13
0.70711
-1
0.70711
2.19e-13
-0.70711
1
-0.70711
-1.3765e-13
0.70711
-1
0.70711
5.6308e-14
-0.70711
1
-0.70711
2.5037e-14
0.70711
-1
0.70711
-1.0638e-13
-0.70711
1
-0.70711
-2.6702e-13
0.70711
-1
0.70711
1.8568e-13
-0.70711
1
-0.70711
-1.0433e-13
0.70711
-1
0.70711
2.2986e-14
-0.70711
1
-0.70711
5.8359e-14
0.70711
-1
0.70711
-1.397e-13
-0.70711
1
-0.70711
-2.337e-13
0.70711
-1
0.70711
1.5235e-13
-0.70711
1
-0.70711
-7.1008e-14
0.70711
-1
0.70711
-1.0337e-14
-0.70711
1
-0.70711
9.1682e-14
0.70711
-1
0.70711
-1.7303e-13
-0.70711
1
-0.70711
-2.0038e-13
0.70711
-1
0.70711
1.1903e-13
-0.70711
1
-0.70711
-3.7685e-14
0.70711
-1
0.70711
-4.366e-14
-0.70711
1
-0.70711
1.25e-13
0.70711
-1
0.70711
2.484e-13
-0.70711
1
-0.70711
-1.6705e-13
0.70711
-1
0.70711
8.5707e-14
-0.70711
1
-0.70711
-4.3623e-15
0.70711
-1
0.70711
-7.6983e-14
-0.70711
1
-0.70711
1.5833e-13
0.70711
-1
0.70711
2.1507e-13
-0.70711
1
-0.70711
-5.8848e-13
0.70711
-1
0.70711
5.2385e-14
-0.70711
1
-0.70711
2.896e-14
0.70711
-1
0.70711
3.4444e-13
-0.70711
1
-0.70711
1.9165e-13
0.70711
-1
0.70711
1.8175e-13
-0.70711
1
-0.70711
-5.5515e-13
0.70711
-1
0.70711
1.9062e-14
-0.70711
1
-0.70711
6.2283e-14
0.70711
-1
0.70711
3.1112e-13
-0.70711
1
-0.70711
2.2497e-13
0.70711
-1
0.70711
1.4843e-13
-0.70711
1
-0.70711
-5.2183e-13
0.70711
-1
0.70711
-1.4261e-14
-0.70711
1
-0.70711
9.5606e-14
0.70711
-1
0.70711
2.778e-13
-0.70711
1
-0.70711
2.583e-13
0.70711
-1
0.70711
1.1511e-13
-0.70711
1
-0.70711
-4.8851e-13
0.70711
-1
0.70711
-4.7584e-14
-0.70711
1
-0.70711
1.2893e-13
0.70711
-1
0.70711
2.4447e-13
-0.70711
1
-0.70711
2.9162e-13
0.70711
-1
0.70711
8.1784e-14
-0.70711
1
-0.70711
-4.5519e-13
0.70711
-1
0.70711
-8.0907e-14
-0.70711
1
-0.70711
1.6225e-13
0.70711
-1
0.70711
2.1115e-13
-0.70711
1
-0.70711
3.2494e-13
0.70711
-1
0.70711
4.8461e-14
-0.70711
1
-0.70711
-4.2186e-13
0.70711
-1
0.70711
3.4052e-13
-0.70711
1
-0.70711
1.9557e-13
0.70711
-1
0.70711
1.7783e-13
-0.70711
1
-0.70711
-5.5123e-13
0.70711
-1
0.70711
1.5138e-14
-0.70711
1
-0.70711
6.6207e-14
0.70711
-1
0.70711
3.072e-13
-0.70711
1
-0.70711
2.289e-13
0.70711
-1
0.70711
1.4451e-13
-0.70711
1
-0.70711
-5.1791e-13
0.70711
-1
0.70711
-1.8185e-14
-0.70711
1
-0.70711
9.953e-14
0.70711
-1
0.70711
2.7387e-13
-0.70711
1
-0.70711
2.6222e-13
0.70711
-1
0.70711
1.1118e-13
-0.70711
1
-0.70711
-4.8458e-13
0.70711
-1
0.70711
-5.1508e-14
-0.70711
1
-0.70711
1.3285e-13
0.70711
-1
0.70711
2.4055e-13
-0.70711
1
-0.70711
2.9554e-13
0.70711
-1
0.70711
7.786e-14
-0.70711
1
-0.70711
-4.5126e-13
0.70711
-1
0.70711
-8.483e-14
-0.70711
1
-0.70711
1.6618e-13
0.70711
-1
0.70711
2.0723e-13
-0.70711
1
-0.70711
3.2887e-13
0.70711
-1
0.70711
-4.1021e-13
-0.70711
1
-0.70711
-4.1794e-13
0.70711
-1
0.70711
3.3659e-13
-0.70711
1
-0.70711
-2.5525e-13
0.70711
-1
0.70711
1.739e-13
-0.70711
1
-0.70711
-9.2559e-14
0.70711
-1
0.70711
1.1214e-14
-0.70711
1
-0.70711
7.0131e-14
0.70711
-1
0.70711
7.5802e-13
-0.70711
1
-0.70711
2.3282e-13
0.70711
-1
0.70711
5.9533e-13
-0.70711
1
-0.70711
-5.1398e-13
0.70711
-1
0.70711
-4.7686e-13
-0.70711
1
-0.70711
-3.5129e-13
0.70711
-1
0.70711
2.6995e-13
-0.70711
1
-0.70711
-1.886e-13
0.70711
-1
0.70711
1.0726e-13
-0.70711
1
-0.70711
-2.5914e-14
0.70711
-1
0.70711
-5.5431e-14
-0.70711
1
-0.70711
1.3678e-13
0.70711
-1
0.70711
6.9137e-13
-0.70711
1
-0.70711
2.9947e-13
0.70711
-1
0.70711
-3.8081e-13
-0.70711
1
-0.70711
-4.4734e-13
0.70711
-1
0.70711
-5.435e-13
-0.70711
1
-0.70711
-2.8465e-13
0.70711
-1
0.70711
2.033e-13
-0.70711
1
-0.70711
-1.2196e-13
0.70711
-1
0.70711
4.0613e-14
-0.70711
1
-0.70711
4.0732e-14
0.70711
-1
0.70711
-1.2208e-13
-0.70711
1
-0.70711
2.0342e-13
0.70711
-1
0.70711
6.2473e-13
-0.70711
1
-0.70711
-5.4338e-13
0.70711
-1
0.70711
-4.4746e-13
-0.70711
1
-0.70711
-3.8069e-13
0.70711
-1
0.70711
2.9935e-13
-0.70711
1
-0.70711
-2.18e-13
0.70711
-1
0.70711
1.3666e-13
-0.70711
1
-0.70711
-5.5313e-14
0.70711
-1
0.70711
-2.6032e-14
-0.70711
1
-0.70711
1.0738e-13
0.70711
-1
0.70711
7.2077e-13
-0.70711
1
-0.70711
2.7007e-13
0.70711
-1
0.70711
5.5808e-13
-0.70711
1
-0.70711
-4.7674e-13
0.70711
-1
0.70711
-5.141e-13
-0.70711
1
-0.70711
-3.1405e-13
0.70711
-1
0.70711
2.327e-13
-0.70711
1
-0.70711
-1.5136e-13
0.70711
-1
0.70711
7.0012e-14
-0.70711
1
-0.70711
1.1333e-14
0.70711
-1
0.70711
-9.2678e-14
-0.70711
1
-0.70711
1.7402e-13
0.70711
-1
0.70711
6.5413e-13
-0.70711
1
-0.70711
3.3671e-13
0.70711
-1
0.70711
-4.1806e-13
-0.70711
1
-0.70711
-4.1009e-13
0.70711
-1
0.70711
-5.8075e-13
-0.70711
1
-0.70711
-2.474e-13
0.70711
-1
0.70711
1.6606e-13
-0.70711
1
-0.70711
-8.4712e-14
0.70711
-1
0.70711
3.3665e-15
-0.70711
1
-0.70711
7.7979e-14
0.70711
-1
0.70711
7.5017e-13
-0.70711
1
-0.70711
2.4067e-13
0.70711
-1
0.70711
5.8748e-13
-0.70711
1
-0.70711
-5.0614e-13
0.70711
-1
0.70711
-4.847e-13
-0.70711
1
-0.70711
-3.4345e-13
0.70711
-1
0.70711
2.621e-13
-0.70711
1
-0.70711
-1.8076e-13
0.70711
-1
0.70711
9.9411e-14
-0.70711
1
-0.70711
-1.8066e-14
0.70711
-1
0.70711
-6.3279e-14
-0.70711
1
-0.70711
1.4462e-13
0.70711
-1
0.70711
6.8353e-13
-0.70711
1
-0.70711
3.0731e-13
0.70711
-1
0.70711
5.2084e-13
-0.70711
1
-0.70711
-4.3949e-13
0.70711
-1
0.70711
-5.5135e-13
-0.70711
1
-0.70711
-2.768e-13
0.70711
-1
0.70711
1.9546e-13
-0.70711
1
-0.70711
-1.1411e-13
0.70711
-1
0.70711
3.2765e-14
-0.70711
1
-0.70711
4.858e-14
0.70711
-1
0.70711
-1.2992e-13
-0.70711
1
-0.70711
2.1127e-13
0.70711
-1
0.70711
6.1688e-13
-0.70711
1
-0.70711
3.7396e-13
0.70711
-1
0.70711
-4.553e-13
-0.70711
1
-0.70711
-3.7285e-13
0.70711
-1
0.70711
2.915e-13
-0.70711
1
-0.70711
-2.1015e-13
0.70711
-1
0.70711
1.2881e-13
-0.70711
1
-0.70711
-4.7465e-14
0.70711
-1
0.70711
-3.388e-14
-0.70711
1
-0.70711
1.1523e-13
0.70711
-1
0.70711
7.1292e-13
-0.70711
1
-0.70711
2.7792e-13
0.70711
-1
0.70711
5.5023e-13
-0.70711
1
-0.70711
-4.6889e-13
0.70711
-1
0.70711
-5.2195e-13
-0.70711
1
-0.70711
-3.062e-13
0.70711
-1
0.70711
2.2485e-13
-0.70711
1
-0.70711
-1.4351e-13
0.70711
-1
0.70711
6.2164e-14
-0.70711
1
-0.70711
1.9181e-14
0.70711
-1
0.70711
-1.0053e-13
-0.70711
1
-0.70711
1.8187e-13
0.70711
-1
0.70711
6.4628e-13
-0.70711
1
-0.70711
3.4456e-13
0.70711
-1
0.70711
4.8359e-13
-0.70711
1
-0.70711
-4.0224e-13
0.70711
-1
0.70711
-5.886e-13
-0.70711
1
-0.70711
-2.3955e-13
0.70711
-1
0.70711
1.5821e-13
-0.70711
1
-0.70711
-7.6864e-14
0.70711
-1
0.70711
-4.4811e-15
-0.70711
1
-0.70711
8.5826e-14
0.70711
-1
0.70711
-1.6717e-13
-0.70711
1
-0.70711
2.4852e-13
0.70711
-1
0.70711
5.7963e-13
-0.70711
1
-0.70711
-4.9829e-13
0.70711
-1
0.70711
4.1694e-13
-0.70711
1
-0.70711
-3.356e-13
0.70711
-1
0.70711
2.5425e-13
-0.70711
1
-0.70711
-1.7291e-13
0.70711
-1
0.70711
9.1563e-14
-0.70711
1
-0.70711
-1.0218e-14
0.70711
-1
0.70711
-7.1127e-14
-0.70711
1
-0.70711
1.5247e-13
0.70711
-1
0.70711
6.7568e-13
-0.70711
1
-0.70711
3.1516e-13
0.70711
-1
0.70711
5.1299e-13
-0.70711
1
-0.70711
-4.3164e-13
0.70711
-1
0.70711
-5.592e-13
-0.70711
1
-0.70711
-2.6895e-13
0.70711
-1
0.70711
1.8761e-13
-0.70711
1
-0.70711
-1.0626e-13
0.70711
-1
0.70711
2.4918e-14
-0.70711
1
-0.70711
5.6427e-14
0.70711
-1
0.70711
-1.3777e-13
-0.70711
1
-0.70711
2.1912e-13
0.70711
-1
0.70711
6.0903e-13
-0.70711
1
-0.70711
3.8181e-13
0.70711
-1
0.70711
4.4634e-13
-0.70711
1
-0.70711
-3.65e-13
0.70711
-1
0.70711
-6.2584e-13
-0.70711
1
-0.70711
-2.0231e-13
0.70711
-1
0.70711
1.2096e-13
-0.70711
1
-0.70711
-3.9617e-14
0.70711
-1
0.70711
-4.1728e-14
-0.70711
1
-0.70711
1.2307e-13
0.70711
-1
0.70711
7.0508e-13
-0.70711
1
-0.70711
2.8576e-13
0.70711
-1
0.70711
5.4239e-13
-0.70711
1
-0.70711
-4.6104e-13
0.70711
-1
0.70711
3.797e-13
-0.70711
1
-0.70711
-2.9835e-13
0.70711
-1
0.70711
2.1701e-13
-0.70711
1
-0.70711
-1.3566e-13
0.70711
-1
0.70711
5.4317e-14
-0.70711
1
-0.70711
2.7028e-14
0.70711
-1
0.70711
-1.0837e-13
-0.70711
1
-0.70711
1.8972e-13
0.70711
-1
0.70711
6.3843e-13
-0.70711
1
-0.70711
-5.5709e-13
0.70711
-1
0.70711
4.7574e-13
-0.70711
1
-0.70711
-3.944e-13
0.70711
-1
0.70711
3.1305e-13
-0.70711
1
-0.70711
-2.3171e-13
0.70711
-1
0.70711
1.5036e-13
-0.70711
1
-0.70711
-9.7851e-13
0.70711
-1
0.70711
-1.2329e-14
-0.70711
1
-0.70711
9.3674e-14
0.70711
-1
0.70711
7.3448e-13
-0.70711
1
-0.70711
-6.5313e-13
0.70711
-1
0.70711
5.7179e-13
-0.70711
1
-0.70711
-4.9044e-13
0.70711
-1
0.70711
4.091e-13
-0.70711
1
-0.70711
-3.2775e-13
0.70711
-1
0.70711
2.4641e-13
-0.70711
1
-0.70711
-1.0746e-12
0.70711
-1
0.70711
8.3716e-14
-0.70711
1
-0.70711
-9.1187e-13
0.70711
-1
0.70711
8.3052e-13
-0.70711
1
-0.70711
1.6032e-13
0.70711
-1
0.70711
6.6783e-13
-0.70711
1
-0.70711
-5.8649e-13
0.70711
-1
0.70711
5.0514e-13
-0.70711
1
-0.70711
-4.238e-13
0.70711
-1
0.70711
3.4245e-13
-0.70711
1
-0.70711
-2.6111e-13
0.70711
-1
0.70711
1.7976e-13
-0.70711
1
-0.70711
-1.0079e-12
0.70711
-1
0.70711
1.707e-14
-0.70711
1
-0.70711
-8.4522e-13
0.70711
-1
0.70711
7.6387e-13
-0.70711
1
-0.70711
2.2696e-13
0.70711
-1
0.70711
6.0118e-13
-0.70711
1
-0.70711
-5.1984e-13
0.70711
-1
0.70711
4.3849e-13
-0.70711
1
-0.70711
-3.5715e-13
0.70711
-1
0.70711
2.758e-13
-0.70711
1
-0.70711
-1.9446e-13
0.70711
-1
0.70711
1.1311e-13
-0.70711
1
-0.70711
-9.4126e-13
0.70711
-1
0.70711
8.5992e-13
-0.70711
1
-0.70711
1.3092e-13
0.70711
-1
0.70711
6.9723e-13
-0.70711
1
-0.70711
-6.1588e-13
0.70711
-1
0.70711
5.3454e-13
-0.70711
1
-0.70711
-4.5319e-13
0.70711
-1
0.70711
3.7185e-13
-0.70711
1
-0.70711
-2.905e-13
0.70711
-1
0.70711
2.0916e-13
-0.70711
1
-0.70711
-1.0373e-12
0.70711
-1
0.70711
4.6469e-14
-0.70711
1
-0.70711
-8.7462e-13
0.70711
-1
0.70711
7.9327e-13
-0.70711
1
-0.70711
1.9757e-13
0.70711
-1
0.70711
6.3058e-13
-0.70711
1
-0.70711
-5.4924e-13
0.70711
-1
0.70711
4.6789e-13
-0.70711
1
-0.70711
-3.8655e-13
0.70711
-1
0.70711
3.052e-13
-0.70711
1
-0.70711
-2.2386e-13
0.70711
-1
0.70711
1.4251e-13
-0.70711
1
-0.70711
-9.7066e-13
0.70711
-1
0.70711
-2.0176e-14
-0.70711
1
-0.70711
-8.0797e-13
0.70711
-1
0.70711
7.2663e-13
-0.70711
1
-0.70711
2.6421e-13
0.70711
-1
0.70711
5.6394e-13
-0.70711
1
-0.70711
-4.8259e-13
0.70711
-1
0.70711
4.0125e-13
-0.70711
1
-0.70711
-3.199e-13
0.70711
-1
0.70711
2.3856e-13
-0.70711
1
-0.70711
-1.0667e-12
0.70711
-1
0.70711
7.5868e-14
-0.70711
1
-0.70711
-9.0402e-13
0.70711
-1
0.70711
8.2267e-13
-0.70711
1
-0.70711
1.6817e-13
0.70711
-1
0.70711
6.5998e-13
-0.70711
1
-0.70711
-5.7864e-13
0.70711
-1
0.70711
4.9729e-13
-0.70711
1
-0.70711
-4.1595e-13
0.70711
-1
0.70711
3.346e-13
-0.70711
1
-0.70711
-2.5326e-13
0.70711
-1
0.70711
1.7191e-13
-0.70711
1
-0.70711
-1.0001e-12
0.70711
-1
0.70711
9.2225e-15
-0.70711
1
-0.70711
-8.3737e-13
0.70711
-1
0.70711
7.5603e-13
-0.70711
1
-0.70711
2.3481e-13
0.70711
-1
0.70711
5.9334e-13
-0.70711
1
-0.70711
-5.1199e-13
0.70711
-1
0.70711
4.3065e-13
-0.70711
1
-0.70711
-3.493e-13
0.70711
-1
0.70711
2.6796e-13
-0.70711
1
-0.70711
-1.8661e-13
0.70711
-1
0.70711
1.0527e-13
-0.70711
1
-0.70711
-9.3342e-13
0.70711
-1
0.70711
-5.7423e-14
-0.70711
1
-0.70711
-7.7073e-13
0.70711
-1
0.70711
6.8938e-13
-0.70711
1
-0.70711
3.0146e-13
0.70711
-1
0.70711
5.2669e-13
-0.70711
1
-0.70711
-4.4535e-13
0.70711
-1
0.70711
1.2735e-12
-0.70711
1
-0.70711
-2.8266e-13
0.70711
-1
0.70711
2.0131e-13
-0.70711
1
-0.70711
-1.0295e-12
0.70711
-1
0.70711
3.8621e-14
-0.70711
1
-0.70711
-8.6677e-13
0.70711
-1
0.70711
7.8543e-13
-0.70711
1
-0.70711
2.0541e-13
0.70711
-1
0.70711
6.2274e-13
-0.70711
1
-0.70711
-5.4139e-13
0.70711
-1
0.70711
4.6005e-13
-0.70711
1
-0.70711
-3.787e-13
0.70711
-1
0.70711
2.9736e-13
-0.70711
1
-0.70711
-2.1601e-13
0.70711
-1
0.70711
1.3467e-13
-0.70711
1
-0.70711
-9.6282e-13
0.70711
-1
0.70711
-2.8024e-14
-0.70711
1
-0.70711
-8.0013e-13
0.70711
-1
0.70711
7.1878e-13
-0.70711
1
-0.70711
2.7206e-13
0.70711
-1
0.70711
5.5609e-13
-0.70711
1
-0.70711
-4.7475e-13
0.70711
-1
0.70711
3.934e-13
-0.70711
1
-0.70711
-3.1206e-13
0.70711
-1
0.70711
2.3071e-13
-0.70711
1
-0.70711
-1.4937e-13
0.70711
-1
0.70711
6.802e-14
-0.70711
1
-0.70711
-8.9617e-13
0.70711
-1
0.70711
8.1483e-13
-0.70711
1
-0.70711
-7.3348e-13
0.70711
-1
0.70711
6.5214e-13
-0.70711
1
-0.70711
-5.7079e-13
0.70711
-1
0.70711
4.8944e-13
-0.70711
1
-0.70711
-4.081e-13
0.70711
-1
0.70711
1.2362e-12
-0.70711
1
-0.70711
-2.4541e-13
0.70711
-1
0.70711
1.6406e-13
-0.70711
1
-0.70711
-9.9221e-13
0.70711
-1
0.70711
1.3749e-15
-0.70711
1
-0.70711
-8.2952e-13
0.70711
-1
0.70711
7.4818e-13
-0.70711
1
-0.70711
-6.6683e-13
0.70711
-1
0.70711
5.8549e-13
-0.70711
1
-0.70711
-5.0414e-13
0.70711
-1
0.70711
4.228e-13
-0.70711
1
-0.70711
-3.4145e-13
0.70711
-1
0.70711
1.1696e-12
-0.70711
1
-0.70711
7.3073e-13
0.70711
-1
0.70711
9.7419e-14
-0.70711
1
-0.70711
-1.8351e-12
0.70711
-1
0.70711
-9.7477e-13
-0.70711
1
-0.70711
-7.6288e-13
0.70711
-1
0.70711
1.591e-12
-0.70711
1
-0.70711
3.0931e-13
0.70711
-1
0.70711
5.1884e-13
-0.70711
1
-0.70711
-1.347e-12
0.70711
-1
0.70711
-5.5334e-13
-0.70711
1
-0.70711
-2.7481e-13
0.70711
-1
0.70711
1.103e-12
-0.70711
1
-0.70711
-1.0216e-12
0.70711
-1
0.70711
3.0774e-14
-0.70711
1
-0.70711
-1.7684e-12
0.70711
-1
0.70711
7.7758e-13
-0.70711
1
-0.70711
-6.9623e-13
0.70711
-1
0.70711
1.5244e-12
-0.70711
1
-0.70711
-5.3354e-13
0.70711
-1
0.70711
4.522e-13
-0.70711
1
-0.70711
-1.2803e-12
0.70711
-1
0.70711
1.199e-12
-0.70711
1
-0.70711
-2.0816e-13
0.70711
-1
0.70711
1.0363e-12
-0.70711
1
-0.70711
-9.5497e-13
0.70711
-1
0.70711
-3.5872e-14
-0.70711
1
-0.70711
-1.7018e-12
0.70711
-1
0.70711
7.1093e-13
-0.70711
1
-0.70711
-6.2959e-13
0.70711
-1
0.70711
1.4577e-12
-0.70711
1
-0.70711
-4.669e-13
0.70711
-1
0.70711
3.8555e-13
-0.70711
1
-0.70711
-1.2137e-12
0.70711
-1
0.70711
2.2286e-13
-0.70711
1
-0.70711
-1.4152e-13
0.70711
-1
0.70711
9.6967e-13
-0.70711
1
-0.70711
-8.8832e-13
0.70711
-1
0.70711
-1.0252e-13
-0.70711
1
-0.70711
-7.2563e-13
0.70711
-1
0.70711
6.4429e-13
-0.70711
1
-0.70711
3.4655e-13
0.70711
-1
0.70711
1.3911e-12
-0.70711
1
-0.70711
-4.0025e-13
0.70711
-1
0.70711
3.1891e-13
-0.70711
1
-0.70711
-1.1471e-12
0.70711
-1
0.70711
1.5622e-13
-0.70711
1
-0.70711
-7.4872e-14
0.70711
-1
0.70711
9.0302e-13
-0.70711
1
-0.70711
-8.2168e-13
0.70711
-1
0.70711
-1.6916e-13
-0.70711
1
-0.70711
-6.5899e-13
0.70711
-1
0.70711
5.7764e-13
-0.70711
1
-0.70711
4.132e-13
0.70711
-1
0.70711
1.3244e-12
-0.70711
1
-0.70711
-3.3361e-13
0.70711
-1
0.70711
2.5226e-13
-0.70711
1
-0.70711
-1.0804e-12
0.70711
-1
0.70711
8.9572e-14
-0.70711
1
-0.70711
-8.2267e-15
0.70711
-1
0.70711
8.3638e-13
-0.70711
1
-0.70711
-7.5503e-13
0.70711
-1
0.70711
-2.3581e-13
-0.70711
1
-0.70711
-5.9234e-13
0.70711
-1
0.70711
5.11e-13
-0.70711
1
-0.70711
4.7984e-13
0.70711
-1
0.70711
1.2578e-12
-0.70711
1
-0.70711
-2.6696e-13
0.70711
-1
0.70711
1.8562e-13
-0.70711
1
-0.70711
-1.0138e-12
0.70711
-1
0.70711
2.2926e-14
-0.70711
1
-0.70711
5.8419e-14
0.70711
-1
0.70711
7.6973e-13
-0.70711
1
-0.70711
-6.8839e-13
0.70711
-1
0.70711
-3.0245e-13
-0.70711
1
-0.70711
-5.257e-13
0.70711
-1
0.70711
4.4435e-13
-0.70711
1
-0.70711
5.4649e-13
0.70711
-1
0.70711
1.1912e-12
-0.70711
1
-0.70711
-2.0032e-13
0.70711
-1
0.70711
1.1897e-13
-0.70711
1
-0.70711
-9.4712e-13
0.70711
-1
0.70711
-4.3719e-14
-0.70711
1
-0.70711
1.2506e-13
0.70711
-1
0.70711
7.0309e-13
-0.70711
1
-0.70711
-6.2174e-13
0.70711
-1
0.70711
-3.691e-13
-0.70711
1
-0.70711
-4.5905e-13
0.70711
-1
0.70711
3.7771e-13
-0.70711
1
-0.70711
6.1313e-13
0.70711
-1
0.70711
1.1245e-12
-0.70711
1
-0.70711
-1.3367e-13
0.70711
-1
0.70711
5.2325e-14
-0.70711
1
-0.70711
-8.8047e-13
0.70711
-1
0.70711
-1.1036e-13
-0.70711
1
-0.70711
1.9171e-13
0.70711
-1
0.70711
6.3644e-13
-0.70711
1
-0.70711
-5.5509e-13
0.70711
-1
0.70711
-4.3574e-13
-0.70711
1
-0.70711
-3.924e-13
0.70711
-1
0.70711
3.1106e-13
-0.70711
1
-0.70711
6.7978e-13
0.70711
-1
0.70711
1.0579e-12
-0.70711
1
-0.70711
-6.7025e-14
0.70711
-1
0.70711
-1.432e-14
-0.70711
1
-0.70711
-8.1383e-13
0.70711
-1
0.70711
-1.7701e-13
-0.70711
1
-0.70711
2.5836e-13
0.70711
-1
0.70711
5.6979e-13
-0.70711
1
-0.70711
-4.8845e-13
0.70711
-1
0.70711
1.3166e-12
-0.70711
1
-0.70711
-3.2576e-13
0.70711
-1
0.70711
2.4441e-13
-0.70711
1
-0.70711
-1.0726e-12
0.70711
-1
0.70711
8.1724e-14
-0.70711
1
-0.70711
-3.7906e-16
0.70711
-1
0.70711
8.2853e-13
-0.70711
1
-0.70711
-7.4718e-13
0.70711
-1
0.70711
-2.4366e-13
-0.70711
1
-0.70711
-5.8449e-13
0.70711
-1
0.70711
-4.0635e-13
-0.70711
1
-0.70711
-4.218e-13
0.70711
-1
0.70711
1.25e-12
-0.70711
1
-0.70711
-2.5911e-13
0.70711
-1
0.70711
-7.3173e-13
-0.70711
1
-0.70711
-9.6424e-14
0.70711
-1
0.70711
9.2457e-13
-0.70711
1
-0.70711
-1.7527e-12
0.70711
-1
0.70711
7.6188e-13
-0.70711
1
-0.70711
2.2896e-13
0.70711
-1
0.70711
5.9919e-13
-0.70711
1
-0.70711
-1.4273e-12
0.70711
-1
0.70711
4.365e-13
-0.70711
1
-0.70711
-1.2647e-12
0.70711
-1
0.70711
2.7381e-13
-0.70711
1
-0.70711
-1.102e-12
0.70711
-1
0.70711
1.9301e-12
-0.70711
1
-0.70711
-9.3927e-13
0.70711
-1
0.70711
-5.1567e-14
-0.70711
1
-0.70711
-7.7658e-13
0.70711
-1
0.70711
1.6047e-12
-0.70711
1
-0.70711
-6.1389e-13
0.70711
-1
0.70711
1.442e-12
-0.70711
1
-0.70711
-4.512e-13
0.70711
-1
0.70711
-5.3964e-13
-0.70711
1
-0.70711
-2.1075e-12
0.70711
-1
0.70711
1.1167e-12
-0.70711
1
-0.70711
-1.2582e-13
0.70711
-1
0.70711
9.5397e-13
-0.70711
1
-0.70711
3.6868e-14
0.70711
-1
0.70711
7.9128e-13
-0.70711
1
-0.70711
-1.6194e-12
0.70711
-1
0.70711
6.2859e-13
-0.70711
1
-0.70711
3.6225e-13
0.70711
-1
0.70711
4.659e-13
-0.70711
1
-0.70711
-1.2941e-12
0.70711
-1
0.70711
3.0321e-13
-0.70711
1
-0.70711
-1.1314e-12
0.70711
-1
0.70711
1.4052e-13
-0.70711
1
-0.70711
-9.6867e-13
0.70711
-1
0.70711
1.7968e-12
-0.70711
1
-0.70711
-8.0598e-13
0.70711
-1
0.70711
-1.8486e-13
-0.70711
1
-0.70711
-6.4329e-13
0.70711
-1
0.70711
1.4714e-12
-0.70711
1
-0.70711
-4.806e-13
0.70711
-1
0.70711
1.3088e-12
-0.70711
1
-0.70711
-3.1791e-13
0.70711
-1
0.70711
-6.7293e-13
-0.70711
1
-0.70711
-1.9742e-12
0.70711
-1
0.70711
9.8337e-13
-0.70711
1
-0.70711
7.4686e-15
0.70711
-1
0.70711
8.2068e-13
-0.70711
1
-0.70711
1.7016e-13
0.70711
-1
0.70711
6.5799e-13
-0.70711
1
-0.70711
-1.4861e-12
0.70711
-1
0.70711
4.953e-13
-0.70711
1
-0.70711
4.9554e-13
0.70711
-1
0.70711
3.3261e-13
-0.70711
1
-0.70711
-1.1608e-12
0.70711
-1
0.70711
1.6992e-13
-0.70711
1
-0.70711
-9.9807e-13
0.70711
-1
0.70711
7.2309e-15
-0.70711
1
-0.70711
-8.3538e-13
0.70711
-1
0.70711
1.6635e-12
-0.70711
1
-0.70711
-6.7269e-13
0.70711
-1
0.70711
-3.1815e-13
-0.70711
1
-0.70711
-5.1e-13
0.70711
-1
0.70711
-4.8084e-13
-0.70711
1
-0.70711
-3.4731e-13
0.70711
-1
0.70711
1.1755e-12
-0.70711
1
-0.70711
-1.8462e-13
0.70711
-1
0.70711
-8.0622e-13
-0.70711
1
-0.70711
-2.193e-14
0.70711
-1
0.70711
8.5008e-13
-0.70711
1
-0.70711
1.4076e-13
0.70711
-1
0.70711
6.8739e-13
-0.70711
1
-0.70711
3.0345e-13
0.70711
-1
0.70711
5.247e-13
-0.70711
1
-0.70711
-1.3528e-12
0.70711
-1
0.70711
3.6201e-13
-0.70711
1
-0.70711
6.2883e-13
0.70711
-1
0.70711
1.9932e-13
-0.70711
1
-0.70711
-1.0275e-12
0.70711
-1
0.70711
3.663e-14
-0.70711
1
-0.70711
-8.6478e-13
0.70711
-1
0.70711
-1.2606e-13
-0.70711
1
-0.70711
1.1169e-12
0.70711
-1
0.70711
1.5302e-12
-0.70711
1
-0.70711
-5.394e-13
0.70711
-1
0.70711
-4.5144e-13
-0.70711
1
-0.70711
-3.7671e-13
0.70711
-1
0.70711
-6.1413e-13
-0.70711
1
-0.70711
-2.1402e-13
0.70711
-1
0.70711
1.0422e-12
-0.70711
1
-0.70711
-5.1329e-14
0.70711
-1
0.70711
-9.3951e-13
-0.70711
1
-0.70711
1.1136e-13
0.70711
-1
0.70711
7.1679e-13
-0.70711
1
-0.70711
2.7405e-13
0.70711
-1
0.70711
5.541e-13
-0.70711
1
-0.70711
4.3674e-13
0.70711
-1
0.70711
3.9141e-13
-0.70711
1
-0.70711
-1.2196e-12
0.70711
-1
0.70711
2.2872e-13
-0.70711
1
-0.70711
7.6212e-13
0.70711
-1
0.70711
6.6029e-14
-0.70711
1
-0.70711
-8.9418e-13
0.70711
-1
0.70711
-9.6661e-14
-0.70711
1
-0.70711
-7.3149e-13
0.70711
-1
0.70711
-2.5935e-13
-0.70711
1
-0.70711
-5.688e-13
0.70711
-1
0.70711
1.3969e-12
-0.70711
1
-0.70711
-4.0611e-13
0.70711
-1
0.70711
1.2343e-12
-0.70711
1
-0.70711
-2.4342e-13
0.70711
-1
0.70711
-7.4742e-13
-0.70711
1
-0.70711
-1.8997e-12
0.70711
-1
0.70711
9.0888e-13
-0.70711
1
-0.70711
8.1962e-14
0.70711
-1
0.70711
7.4619e-13
-0.70711
1
-0.70711
2.4465e-13
0.70711
-1
0.70711
5.835e-13
-0.70711
1
-0.70711
-1.4116e-12
0.70711
-1
0.70711
4.2081e-13
-0.70711
1
-0.70711
-1.249e-12
0.70711
-1
0.70711
2.5812e-13
-0.70711
1
-0.70711
-1.0863e-12
0.70711
-1
0.70711
1.9144e-12
-0.70711
1
-0.70711
-9.2358e-13
0.70711
-1
0.70711
-6.7262e-14
-0.70711
1
-0.70711
-7.6089e-13
0.70711
-1
0.70711
1.589e-12
-0.70711
1
-0.70711
-5.982e-13
0.70711
-1
0.70711
1.4263e-12
-0.70711
1
-0.70711
-4.3551e-13
0.70711
-1
0.70711
1.2637e-12
-0.70711
1
-0.70711
-2.0918e-12
0.70711
-1
0.70711
1.101e-12
-0.70711
1
-0.70711
-1.1013e-13
0.70711
-1
0.70711
9.3828e-13
-0.70711
1
-0.70711
5.2563e-14
0.70711
-1
0.70711
7.7559e-13
-0.70711
1
-0.70711
-1.6037e-12
0.70711
-1
0.70711
6.129e-13
-0.70711
1
-0.70711
3.7794e-13
0.70711
-1
0.70711
4.5021e-13
-0.70711
1
-0.70711
-1.2784e-12
0.70711
-1
0.70711
2.8752e-13
-0.70711
1
-0.70711
-1.1157e-12
0.70711
-1
0.70711
1.2483e-13
-0.70711
1
-0.70711
-9.5298e-13
0.70711
-1
0.70711
1.7811e-12
-0.70711
1
-0.70711
-7.9029e-13
0.70711
-1
0.70711
-2.0055e-13
-0.70711
1
-0.70711
-6.276e-13
0.70711
-1
0.70711
1.4557e-12
-0.70711
1
-0.70711
-4.6491e-13
0.70711
-1
0.70711
1.2931e-12
-0.70711
1
-0.70711
-3.0222e-13
0.70711
-1
0.70711
-6.8862e-13
-0.70711
1
-0.70711
-1.9585e-12
0.70711
-1
0.70711
9.6768e-13
-0.70711
1
-0.70711
2.3164e-14
0.70711
-1
0.70711
8.0499e-13
-0.70711
1
-0.70711
1.8585e-13
0.70711
-1
0.70711
6.423e-13
-0.70711
1
-0.70711
-1.4704e-12
0.70711
-1
0.70711
4.7961e-13
-0.70711
1
-0.70711
5.1123e-13
0.70711
-1
0.70711
3.1692e-13
-0.70711
1
-0.70711
-1.1451e-12
0.70711
-1
0.70711
1.5423e-13
-0.70711
1
-0.70711
-9.8238e-13
0.70711
-1
0.70711
-8.4644e-15
-0.70711
1
-0.70711
-8.1969e-13
0.70711
-1
0.70711
1.6478e-12
-0.70711
1
-0.70711
-6.57e-13
0.70711
-1
0.70711
-3.3384e-13
-0.70711
1
-0.70711
-4.9431e-13
0.70711
-1
0.70711
1.3225e-12
-0.70711
1
-0.70711
-3.3162e-13
0.70711
-1
0.70711
1.1598e-12
-0.70711
1
-0.70711
-1.6893e-13
0.70711
-1
0.70711
-8.2191e-13
-0.70711
1
-0.70711
-1.8252e-12
0.70711
-1
0.70711
8.3438e-13
-0.70711
1
-0.70711
1.5645e-13
0.70711
-1
0.70711
6.7169e-13
-0.70711
1
-0.70711
3.1914e-13
0.70711
-1
0.70711
5.09e-13
-0.70711
1
-0.70711
-1.3372e-12
0.70711
-1
0.70711
3.4631e-13
-0.70711
1
-0.70711
6.4453e-13
0.70711
-1
0.70711
1.8362e-13
-0.70711
1
-0.70711
-1.0118e-12
0.70711
-1
0.70711
2.0935e-14
-0.70711
1
-0.70711
-8.4908e-13
0.70711
-1
0.70711
-1.4176e-13
-0.70711
1
-0.70711
-6.8639e-13
0.70711
-1
0.70711
1.5145e-12
-0.70711
1
-0.70711
-5.237e-13
0.70711
-1
0.70711
-4.6714e-13
-0.70711
1
-0.70711
-3.6101e-13
0.70711
-1
0.70711
1.1892e-12
-0.70711
1
-0.70711
-1.9832e-13
0.70711
-1
0.70711
1.0265e-12
-0.70711
1
-0.70711
-3.5634e-14
0.70711
-1
0.70711
-9.5521e-13
-0.70711
1
-0.70711
-1.6919e-12
0.70711
-1
0.70711
7.0109e-13
-0.70711
1
-0.70711
2.8975e-13
0.70711
-1
0.70711
5.384e-13
-0.70711
1
-0.70711
4.5244e-13
0.70711
-1
0.70711
3.7571e-13
-0.70711
1
-0.70711
-1.2039e-12
0.70711
-1
0.70711
2.1302e-13
-0.70711
1
-0.70711
7.7782e-13
0.70711
-1
0.70711
5.0334e-14
-0.70711
1
-0.70711
-8.7848e-13
0.70711
-1
0.70711
1.7066e-12
-0.70711
1
-0.70711
-7.1579e-13
0.70711
-1
0.70711
-2.7505e-13
-0.70711
1
-0.70711
-5.531e-13
0.70711
-1
0.70711
1.3813e-12
-0.70711
1
-0.70711
-3.9041e-13
0.70711
-1
0.70711
1.2186e-12
-0.70711
1
-0.70711
-2.2772e-13
0.70711
-1
0.70711
-7.6312e-13
-0.70711
1
-0.70711
-1.884e-12
0.70711
-1
0.70711
8.9318e-13
-0.70711
1
-0.70711
9.7657e-14
0.70711
-1
0.70711
7.3049e-13
-0.70711
1
-0.70711
2.6035e-13
0.70711
-1
0.70711
5.678e-13
-0.70711
1
-0.70711
-1.396e-12
0.70711
-1
0.70711
4.0511e-13
-0.70711
1
-0.70711
5.8573e-13
0.70711
-1
0.70711
2.4242e-13
-0.70711
1
-0.70711
-1.0706e-12
0.70711
-1
0.70711
7.9732e-14
-0.70711
1
-0.70711
-9.0788e-13
0.70711
-1
0.70711
-8.2958e-14
-0.70711
1
-0.70711
-7.4519e-13
0.70711
-1
0.70711
1.5733e-12
-0.70711
1
-0.70711
-5.825e-13
0.70711
-1
0.70711
-4.0834e-13
-0.70711
1
-0.70711
-4.1981e-13
0.70711
-1
0.70711
1.248e-12
-0.70711
1
-0.70711
-2.5712e-13
0.70711
-1
0.70711
1.0853e-12
-0.70711
1
-0.70711
-9.4432e-14
0.70711
-1
0.70711
-8.9641e-13
-0.70711
1
-0.70711
-1.7507e-12
0.70711
-1
0.70711
7.5989e-13
-0.70711
1
-0.70711
2.3095e-13
0.70711
-1
0.70711
5.972e-13
-0.70711
1
-0.70711
3.9364e-13
0.70711
-1
0.70711
4.3451e-13
-0.70711
1
-0.70711
-1.2627e-12
0.70711
-1
0.70711
2.7182e-13
-0.70711
1
-0.70711
7.1902e-13
0.70711
-1
0.70711
1.0913e-13
-0.70711
1
-0.70711
-9.3728e-13
0.70711
-1
0.70711
1.7654e-12
-0.70711
1
-0.70711
-7.7459e-13
0.70711
-1
0.70711
-2.1625e-13
-0.70711
1
-0.70711
-6.119e-13
0.70711
-1
0.70711
1.4401e-12
-0.70711
1
-0.70711
-4.4921e-13
0.70711
-1
0.70711
1.2774e-12
-0.70711
1
-0.70711
-2.8652e-13
0.70711
-1
0.70711
1.1147e-12
-0.70711
1
-0.70711
-1.9428e-12
0.70711
-1
0.70711
9.5198e-13
-0.70711
1
-0.70711
3.8859e-14
0.70711
-1
0.70711
7.8929e-13
-0.70711
1
-0.70711
-1.6174e-12
0.70711
-1
0.70711
6.266e-13
-0.70711
1
-0.70711
-1.4548e-12
0.70711
-1
0.70711
4.6391e-13
-0.70711
1
-0.70711
5.2693e-13
0.70711
-1
0.70711
2.1202e-12
-0.70711
1
-0.70711
-1.1294e-12
0.70711
-1
0.70711
1.3853e-13
-0.70711
1
-0.70711
-9.6668e-13
0.70711
-1
0.70711
-2.416e-14
-0.70711
1
-0.70711
-8.0399e-13
0.70711
-1
0.70711
1.6321e-12
-0.70711
1
-0.70711
-6.413e-13
0.70711
-1
0.70711
-3.4954e-13
-0.70711
1
-0.70711
-4.7861e-13
0.70711
-1
0.70711
1.3068e-12
-0.70711
1
-0.70711
-3.1592e-13
0.70711
-1
0.70711
1.1441e-12
-0.70711
1
-0.70711
-1.5323e-13
0.70711
-1
0.70711
-8.3761e-13
-0.70711
1
-0.70711
-1.8095e-12
0.70711
-1
0.70711
8.1869e-13
-0.70711
1
-0.70711
1.7215e-13
0.70711
-1
0.70711
6.56e-13
-0.70711
1
-0.70711
3.3484e-13
0.70711
-1
0.70711
4.9331e-13
-0.70711
1
-0.70711
-1.3215e-12
0.70711
-1
0.70711
3.3062e-13
-0.70711
1
-0.70711
6.6022e-13
0.70711
-1
0.70711
1.6793e-13
-0.70711
1
-0.70711
-9.9608e-13
0.70711
-1
0.70711
5.2393e-15
-0.70711
1
-0.70711
-8.3339e-13
0.70711
-1
0.70711
-1.5745e-13
-0.70711
1
-0.70711
-6.707e-13
0.70711
-1
0.70711
1.4988e-12
-0.70711
1
-0.70711
-5.0801e-13
0.70711
-1
0.70711
-4.8283e-13
-0.70711
1
-0.70711
-3.4532e-13
0.70711
-1
0.70711
1.1735e-12
-0.70711
1
-0.70711
-1.8263e-13
0.70711
-1
0.70711
1.0108e-12
-0.70711
1
-0.70711
-1.9939e-14
0.70711
-1
0.70711
-9.709e-13
-0.70711
1
-0.70711
-1.6762e-12
0.70711
-1
0.70711
6.854e-13
-0.70711
1
-0.70711
3.0544e-13
0.70711
-1
0.70711
5.2271e-13
-0.70711
1
-0.70711
4.6813e-13
0.70711
-1
0.70711
3.6002e-13
-0.70711
1
-0.70711
-1.1882e-12
0.70711
-1
0.70711
1.9733e-13
-0.70711
