24000
-19935
9703.1
1912.2
-9966.7
11943
-8769.6
3783
-450.47
339.94
-2549.8
4763.5
-5045
3110.6
-299.58
-1576.3
1579.3
-223.39
-1049.7
1019
427.45
-2291.3
3285.6
-2818.8
1399.4
-193.57
108.52
-1114.3
2305.3
-2627.8
1699.4
-92.686
-1120.9
1203.2
-312.94
-631.48
676.89
413.04
-1963.2
2902.9
-2598.1
1354.2
-192.77
60.027
-1072.5
2393.8
-2860.1
1894.5
7.9353e-11
-1575.9
1789.4
-647.9
-718.88
879.49
764.82
-3400.8
5291.4
-5058.6
2842.6
-412.46
-3.1233e-11
-2570.5
6754.8
-9336.5
7175.1
582.05
-11472
20690
-23624
18477
-7372.1
-4768
12897
-14479
10543
-4636
477.13
172.05
1841.1
-4103.7
4500
-2590.8
-332.54
2387.1
-2508.5
1120.7
329.14
-528.9
-742.49
2538.8
-3538.7
3062
-1544.3
148.37
150.95
704.52
-1854.1
2215.9
-1330.7
-295.03
1595.3
-1773.4
909.94
114.6
-316.25
-618.77
2082.1
-3009.9
2710.9
-1413.6
103.6
237.57
591.29
-1826.8
2312.9
-1408.3
-472.54
2126.8
-2472.4
1417.3
5.9117e-11
-362.22
-1009.1
3423.5
-5222.5
4998.4
-2759.6
119.29
766.76
1135.6
-4656.5
6823.4
-4677.2
-2586.7
12593
-20710
22521
-16399
4606.7
7825.6
-15791
16774
-11925
5011.1
-9.0949e-12
-1164
-712.48
3105.8
-3706.8
1908.6
1053.5
-3228.2
3421.9
-1962.1
296.31
173.29
887.43
-2590.9
3585.6
-3102.8
1500
69.562
-567.14
-154.38
1283.4
-1713.6
908.92
694.54
-2042.6
2284.7
-1423.4
297.78
81.442
676.08
-2032.1
2935.4
-2641.6
1302.2
137.47
-665.89
-1.239e-10
1171.6
-1705.4
899.39
920.75
-2601.9
3031.2
-2022.4
523.46
66.369
1006.2
-3171.7
4854.1
-4624.7
2370.8
441.08
-1725.4
378.02
2627
-4550.9
2598.1
4013.5
-13028
20014
-20764
13823
-1566.9
-10906
18471
-18666
12786
-4820.1
-1024.6
2637.2
-801.34
-1832.2
2746.5
-1155.8
-1767.7
4005.8
-4231.3
2668.4
-758.75
-7.2179
-820.98
2420.2
-3413.1
2941.7
-1280.6
-433.7
1102.7
-490.18
-645.35
1176.9
-491.96
-1048.1
2407.3
-2685.5
1808
-568.32
0
-568.32
1808
-2685.5
2407.3
-1048.1
-491.96
1176.9
-645.35
-490.18
1102.7
-433.7
-1280.6
2941.7
-3413.1
2420.2
-820.98
-7.2179
-758.75
2668.4
-4231.3
4005.8
-1767.7
-1155.8
2746.5
-1832.2
-801.34
2637.2
-1024.6
-4820.1
12786
-18666
18471
-10906
-1566.9
13823
-20764
20014
-13028
4013.5
2598.1
-4550.9
2627
378.02
-1725.4
441.08
2370.8
-4624.7
4854.1
-3171.7
1006.2
66.369
523.46
-2022.4
3031.2
-2601.9
920.75
899.39
-1705.4
1171.6
-1.091e-10
-665.89
137.47
1302.2
-2641.6
2935.4
-2032.1
676.08
81.442
297.78
-1423.4
2284.7
-2042.6
694.54
908.92
-1713.6
1283.4
-154.38
-567.14
69.562
1500
-3102.8
3585.6
-2590.9
887.43
173.29
296.31
-1962.1
3421.9
-3228.2
1053.5
1908.6
-3706.8
3105.8
-712.48
-1164
-1.4234e-10
5011.1
-11925
16774
-15791
7825.6
4606.7
-16399
22521
-20710
12593
-2586.7
-4677.2
6823.4
-4656.5
1135.6
766.76
119.29
-2759.6
4998.4
-5222.5
3423.5
-1009.1
-362.22
-3.4743e-10
1417.3
-2472.4
2126.8
-472.54
-1408.3
2312.9
-1826.8
591.29
237.57
103.6
-1413.6
2710.9
-3009.9
2082.1
-618.77
-316.25
114.6
909.94
-1773.4
1595.3
-295.03
-1330.7
2215.9
-1854.1
704.52
150.95
148.37
-1544.3
3062
-3538.7
2538.8
-742.49
-528.9
329.14
1120.7
-2508.5
2387.1
-332.54
-2590.8
4500
-4103.7
1841.1
172.05
477.13
-4636
10543
-14479
12897
-4768
-7372.1
18477
-23624
20690
-11472
582.05
7175.1
-9336.5
6754.8
-2570.5
1.2109e-10
-412.46
2842.6
-5058.6
5291.4
-3400.8
764.82
879.49
-718.88
-647.9
1789.4
-1575.9
-8.0945e-10
1894.5
-2860.1
2393.8
-1072.5
60.027
-192.77
1354.2
-2598.1
2902.9
-1963.2
413.04
676.89
-631.48
-312.94
1203.2
-1120.9
-92.686
1699.4
-2627.8
2305.3
-1114.3
108.52
-193.57
1399.4
-2818.8
3285.6
-2291.3
427.45
1019
-1049.7
-223.39
1579.3
-1576.3
-299.58
3110.6
-5045
4763.5
-2549.8
339.94
-450.47
3783
-8769.6
11943
-9966.7
1912.2
9703.1
-19935
24000
-19935
9703.1
1912.2
-9966.7
11943
-8769.6
3783
-450.47
339.94
-2549.8
4763.5
-5045
3110.6
-299.58
-1576.3
1579.3
-223.39
-1049.7
1019
427.45
-2291.3
3285.6
-2818.8
1399.4
-193.57
108.52
-1114.3
2305.3
-2627.8
1699.4
-92.686
-1120.9
1203.2
-312.94
-631.48
676.89
413.04
-1963.2
2902.9
-2598.1
1354.2
-192.77
60.027
-1072.5
2393.8
-2860.1
1894.5
6.8246e-10
-1575.9
1789.4
-647.9
-718.88
879.49
764.82
-3400.8
5291.4
-5058.6
2842.6
-412.46
-1.3262e-10
-2570.5
6754.8
-9336.5
7175.1
582.05
-11472
20690
-23624
18477
-7372.1
-4768
12897
-14479
10543
-4636
477.13
172.05
1841.1
-4103.7
4500
-2590.8
-332.54
2387.1
-2508.5
1120.7
329.14
-528.9
-742.49
2538.8
-3538.7
3062
-1544.3
148.37
150.95
704.52
-1854.1
2215.9
-1330.7
-295.03
1595.3
-1773.4
909.94
114.6
-316.25
-618.77
2082.1
-3009.9
2710.9
-1413.6
103.6
237.57
591.29
-1826.8
2312.9
-1408.3
-472.54
2126.8
-2472.4
1417.3
-2.1737e-10
-362.22
-1009.1
3423.5
-5222.5
4998.4
-2759.6
119.29
766.76
1135.6
-4656.5
6823.4
-4677.2
-2586.7
12593
-20710
22521
-16399
4606.7
7825.6
-15791
16774
-11925
5011.1
1.0232e-09
-1164
-712.48
3105.8
-3706.8
1908.6
1053.5
-3228.2
3421.9
-1962.1
296.31
173.29
887.43
-2590.9
3585.6
-3102.8
1500
69.562
-567.14
-154.38
1283.4
-1713.6
908.92
694.54
-2042.6
2284.7
-1423.4
297.78
81.442
676.08
-2032.1
2935.4
-2641.6
1302.2
137.47
-665.89
-8.6174e-10
1171.6
-1705.4
899.39
920.75
-2601.9
3031.2
-2022.4
523.46
66.369
1006.2
-3171.7
4854.1
-4624.7
2370.8
441.08
-1725.4
378.02
2627
-4550.9
2598.1
4013.5
-13028
20014
-20764
13823
-1566.9
-10906
18471
-18666
12786
-4820.1
-1024.6
2637.2
-801.34
-1832.2
2746.5
-1155.8
-1767.7
4005.8
-4231.3
2668.4
-758.75
-7.2179
-820.98
2420.2
-3413.1
2941.7
-1280.6
-433.7
1102.7
-490.18
-645.35
1176.9
-491.96
-1048.1
2407.3
-2685.5
1808
-568.32
0
-568.32
1808
-2685.5
2407.3
-1048.1
-491.96
1176.9
-645.35
-490.18
1102.7
-433.7
-1280.6
2941.7
-3413.1
2420.2
-820.98
-7.2179
-758.75
2668.4
-4231.3
4005.8
-1767.7
-1155.8
2746.5
-1832.2
-801.34
2637.2
-1024.6
-4820.1
12786
-18666
18471
-10906
-1566.9
13823
-20764
20014
-13028
4013.5
2598.1
-4550.9
2627
378.02
-1725.4
441.08
2370.8
-4624.7
4854.1
-3171.7
1006.2
66.369
523.46
-2022.4
3031.2
-2601.9
920.75
899.39
-1705.4
1171.6
1.2625e-10
-665.89
137.47
1302.2
-2641.6
2935.4
-2032.1
676.08
81.442
297.78
-1423.4
2284.7
-2042.6
694.54
908.92
-1713.6
1283.4
-154.38
-567.14
69.562
1500
-3102.8
3585.6
-2590.9
887.43
173.29
296.31
-1962.1
3421.9
-3228.2
1053.5
1908.6
-3706.8
3105.8
-712.48
-1164
-2.4629e-09
5011.1
-11925
16774
-15791
7825.6
4606.7
-16399
22521
-20710
12593
-2586.7
-4677.2
6823.4
-4656.5
1135.6
766.76
119.29
-2759.6
4998.4
-5222.5
3423.5
-1009.1
-362.22
4.411e-10
1417.3
-2472.4
2126.8
-472.54
-1408.3
2312.9
-1826.8
591.29
237.57
103.6
-1413.6
2710.9
-3009.9
2082.1
-618.77
-316.25
114.6
909.94
-1773.4
1595.3
-295.03
-1330.7
2215.9
-1854.1
704.52
150.95
148.37
-1544.3
3062
-3538.7
2538.8
-742.49
-528.9
329.14
1120.7
-2508.5
2387.1
-332.54
-2590.8
4500
-4103.7
1841.1
172.05
477.13
-4636
10543
-14479
12897
-4768
-7372.1
18477
-23624
20690
-11472
582.05
7175.1
-9336.5
6754.8
-2570.5
-3.5619e-10
-412.46
2842.6
-5058.6
5291.4
-3400.8
764.82
879.49
-718.88
-647.9
1789.4
-1575.9
-6.6893e-10
1894.5
-2860.1
2393.8
-1072.5
60.027
-192.77
1354.2
-2598.1
2902.9
-1963.2
413.04
676.89
-631.48
-312.94
1203.2
-1120.9
-92.686
1699.4
-2627.8
2305.3
-1114.3
108.52
-193.57
1399.4
-2818.8
3285.6
-2291.3
427.45
1019
-1049.7
-223.39
1579.3
-1576.3
-299.58
3110.6
-5045
4763.5
-2549.8
339.94
-450.47
3783
-8769.6
11943
-9966.7
1912.2
9703.1
-19935
24000
-19935
9703.1
1912.2
-9966.7
11943
-8769.6
3783
-450.47
339.94
-2549.8
4763.5
-5045
3110.6
-299.58
-1576.3
1579.3
-223.39
-1049.7
1019
427.45
-2291.3
3285.6
-2818.8
1399.4
-193.57
108.52
-1114.3
2305.3
-2627.8
1699.4
-92.686
-1120.9
1203.2
-312.94
-631.48
676.89
413.04
-1963.2
2902.9
-2598.1
1354.2
-192.77
60.027
-1072.5
2393.8
-2860.1
1894.5
1.6674e-09
-1575.9
1789.4
-647.9
-718.88
879.49
764.82
-3400.8
5291.4
-5058.6
2842.6
-412.46
-3.7885e-10
-2570.5
6754.8
-9336.5
7175.1
582.05
-11472
20690
-23624
18477
-7372.1
-4768
12897
-14479
10543
-4636
477.13
172.05
1841.1
-4103.7
4500
-2590.8
-332.54
2387.1
-2508.5
1120.7
329.14
-528.9
-742.49
2538.8
-3538.7
3062
-1544.3
148.37
150.95
704.52
-1854.1
2215.9
-1330.7
-295.03
1595.3
-1773.4
909.94
114.6
-316.25
-618.77
2082.1
-3009.9
2710.9
-1413.6
103.6
237.57
591.29
-1826.8
2312.9
-1408.3
-472.54
2126.8
-2472.4
1417.3
6.994e-10
-362.22
-1009.1
3423.5
-5222.5
4998.4
-2759.6
119.29
766.76
1135.6
-4656.5
6823.4
-4677.2
-2586.7
12593
-20710
22521
-16399
4606.7
7825.6
-15791
16774
-11925
5011.1
4.2246e-10
-1164
-712.48
3105.8
-3706.8
1908.6
1053.5
-3228.2
3421.9
-1962.1
296.31
173.29
887.43
-2590.9
3585.6
-3102.8
1500
69.562
-567.14
-154.38
1283.4
-1713.6
908.92
694.54
-2042.6
2284.7
-1423.4
297.78
81.442
676.08
-2032.1
2935.4
-2641.6
1302.2
137.47
-665.89
5.5e-10
1171.6
-1705.4
899.39
920.75
-2601.9
3031.2
-2022.4
523.46
66.369
1006.2
-3171.7
4854.1
-4624.7
2370.8
441.08
-1725.4
378.02
2627
-4550.9
2598.1
4013.5
-13028
20014
-20764
13823
-1566.9
-10906
18471
-18666
12786
-4820.1
-1024.6
2637.2
-801.34
-1832.2
2746.5
-1155.8
-1767.7
4005.8
-4231.3
2668.4
-758.75
-7.2179
-820.98
2420.2
-3413.1
2941.7
-1280.6
-433.7
1102.7
-490.18
-645.35
1176.9
-491.96
-1048.1
2407.3
-2685.5
1808
-568.32
0
-568.32
1808
-2685.5
2407.3
-1048.1
-491.96
1176.9
-645.35
-490.18
1102.7
-433.7
-1280.6
2941.7
-3413.1
2420.2
-820.98
-7.2179
-758.75
2668.4
-4231.3
4005.8
-1767.7
-1155.8
2746.5
-1832.2
-801.34
2637.2
-1024.6
-4820.1
12786
-18666
18471
-10906
-1566.9
13823
-20764
20014
-13028
4013.5
2598.1
-4550.9
2627
378.02
-1725.4
441.08
2370.8
-4624.7
4854.1
-3171.7
1006.2
66.369
523.46
-2022.4
3031.2
-2601.9
920.75
899.39
-1705.4
1171.6
6.4445e-10
-665.89
137.47
1302.2
-2641.6
2935.4
-2032.1
676.08
81.442
297.78
-1423.4
2284.7
-2042.6
694.54
908.92
-1713.6
1283.4
-154.38
-567.14
69.562
1500
-3102.8
3585.6
-2590.9
887.43
173.29
296.31
-1962.1
3421.9
-3228.2
1053.5
1908.6
-3706.8
3105.8
-712.48
-1164
-2.3565e-09
5011.1
-11925
16774
-15791
7825.6
4606.7
-16399
22521
-20710
12593
-2586.7
-4677.2
6823.4
-4656.5
1135.6
766.76
119.29
-2759.6
4998.4
-5222.5
3423.5
-1009.1
-362.22
2.0555e-10
1417.3
-2472.4
2126.8
-472.54
-1408.3
2312.9
-1826.8
591.29
237.57
103.6
-1413.6
2710.9
-3009.9
2082.1
-618.77
-316.25
114.6
909.94
-1773.4
1595.3
-295.03
-1330.7
2215.9
-1854.1
704.52
150.95
148.37
-1544.3
3062
-3538.7
2538.8
-742.49
-528.9
329.14
1120.7
-2508.5
2387.1
-332.54
-2590.8
4500
-4103.7
1841.1
172.05
477.13
-4636
10543
-14479
12897
-4768
-7372.1
18477
-23624
20690
-11472
582.05
7175.1
-9336.5
6754.8
-2570.5
9.0131e-11
-412.46
2842.6
-5058.6
5291.4
-3400.8
764.82
879.49
-718.88
-647.9
1789.4
-1575.9
-3.5629e-10
1894.5
-2860.1
2393.8
-1072.5
60.027
-192.77
1354.2
-2598.1
2902.9
-1963.2
413.04
676.89
-631.48
-312.94
1203.2
-1120.9
-92.686
1699.4
-2627.8
2305.3
-1114.3
108.52
-193.57
1399.4
-2818.8
3285.6
-2291.3
427.45
1019
-1049.7
-223.39
1579.3
-1576.3
-299.58
3110.6
-5045
4763.5
-2549.8
339.94
-450.47
3783
-8769.6
11943
-9966.7
1912.2
9703.1
-19935
24000
-19935
9703.1
1912.2
-9966.7
11943
-8769.6
3783
-450.47
339.94
-2549.8
4763.5
-5045
3110.6
-299.58
-1576.3
1579.3
-223.39
-1049.7
1019
427.45
-2291.3
3285.6
-2818.8
1399.4
-193.57
108.52
-1114.3
2305.3
-2627.8
1699.4
-92.686
-1120.9
1203.2
-312.94
-631.48
676.89
413.04
-1963.2
2902.9
-2598.1
1354.2
-192.77
60.027
-1072.5
2393.8
-2860.1
1894.5
1.049e-09
-1575.9
1789.4
-647.9
-718.88
879.49
764.82
-3400.8
5291.4
-5058.6
2842.6
-412.46
-8.2653e-10
-2570.5
6754.8
-9336.5
7175.1
582.05
-11472
20690
-23624
18477
-7372.1
-4768
12897
-14479
10543
-4636
477.13
172.05
1841.1
-4103.7
4500
-2590.8
-332.54
2387.1
-2508.5
1120.7
329.14
-528.9
-742.49
2538.8
-3538.7
3062
-1544.3
148.37
150.95
704.52
-1854.1
2215.9
-1330.7
-295.03
1595.3
-1773.4
909.94
114.6
-316.25
-618.77
2082.1
-3009.9
2710.9
-1413.6
103.6
237.57
591.29
-1826.8
2312.9
-1408.3
-472.54
2126.8
-2472.4
1417.3
2.5284e-10
-362.22
-1009.1
3423.5
-5222.5
4998.4
-2759.6
119.29
766.76
1135.6
-4656.5
6823.4
-4677.2
-2586.7
12593
-20710
22521
-16399
4606.7
7825.6
-15791
16774
-11925
5011.1
7.185e-10
-1164
-712.48
3105.8
-3706.8
1908.6
1053.5
-3228.2
3421.9
-1962.1
296.31
173.29
887.43
-2590.9
3585.6
-3102.8
1500
69.562
-567.14
-154.38
1283.4
-1713.6
908.92
694.54
-2042.6
2284.7
-1423.4
297.78
81.442
676.08
-2032.1
2935.4
-2641.6
1302.2
137.47
-665.89
-9.3181e-10
1171.6
-1705.4
899.39
920.75
-2601.9
3031.2
-2022.4
523.46
66.369
1006.2
-3171.7
4854.1
-4624.7
2370.8
441.08
-1725.4
378.02
2627
-4550.9
2598.1
4013.5
-13028
20014
-20764
13823
-1566.9
-10906
18471
-18666
12786
-4820.1
-1024.6
2637.2
-801.34
-1832.2
2746.5
-1155.8
-1767.7
4005.8
-4231.3
2668.4
-758.75
-7.2179
-820.98
2420.2
-3413.1
2941.7
-1280.6
-433.7
1102.7
-490.18
-645.35
1176.9
-491.96
-1048.1
2407.3
-2685.5
1808
-568.32
0
-568.32
1808
-2685.5
2407.3
-1048.1
-491.96
1176.9
-645.35
-490.18
1102.7
-433.7
-1280.6
2941.7
-3413.1
2420.2
-820.98
-7.2179
-758.75
2668.4
-4231.3
4005.8
-1767.7
-1155.8
2746.5
-1832.2
-801.34
2637.2
-1024.6
-4820.1
12786
-18666
18471
-10906
-1566.9
13823
-20764
20014
-13028
4013.5
2598.1
-4550.9
2627
378.02
-1725.4
441.08
2370.8
-4624.7
4854.1
-3171.7
1006.2
66.369
523.46
-2022.4
3031.2
-2601.9
920.75
899.39
-1705.4
1171.6
2.1267e-09
-665.89
137.47
1302.2
-2641.6
2935.4
-2032.1
676.08
81.442
297.78
-1423.4
2284.7
-2042.6
694.54
908.92
-1713.6
1283.4
-154.38
-567.14
69.562
1500
-3102.8
3585.6
-2590.9
887.43
173.29
296.31
-1962.1
3421.9
-3228.2
1053.5
1908.6
-3706.8
3105.8
-712.48
-1164
-2.3479e-09
5011.1
-11925
16774
-15791
7825.6
4606.7
-16399
22521
-20710
12593
-2586.7
-4677.2
6823.4
-4656.5
1135.6
766.76
119.29
-2759.6
4998.4
-5222.5
3423.5
-1009.1
-362.22
-7.1168e-10
1417.3
-2472.4
2126.8
-472.54
-1408.3
2312.9
-1826.8
591.29
237.57
103.6
-1413.6
2710.9
-3009.9
2082.1
-618.77
-316.25
114.6
909.94
-1773.4
1595.3
-295.03
-1330.7
2215.9
-1854.1
704.52
150.95
148.37
-1544.3
3062
-3538.7
2538.8
-742.49
-528.9
329.14
1120.7
-2508.5
2387.1
-332.54
-2590.8
4500
-4103.7
1841.1
172.05
477.13
-4636
10543
-14479
12897
-4768
-7372.1
18477
-23624
20690
-11472
582.05
7175.1
-9336.5
6754.8
-2570.5
5.369e-10
-412.46
2842.6
-5058.6
5291.4
-3400.8
764.82
879.49
-718.88
-647.9
1789.4
-1575.9
-2.3294e-10
1894.5
-2860.1
2393.8
-1072.5
60.027
-192.77
1354.2
-2598.1
2902.9
-1963.2
413.04
676.89
-631.48
-312.94
1203.2
-1120.9
-92.686
1699.4
-2627.8
2305.3
-1114.3
108.52
-193.57
1399.4
-2818.8
3285.6
-2291.3
427.45
1019
-1049.7
-223.39
1579.3
-1576.3
-299.58
3110.6
-5045
4763.5
-2549.8
339.94
-450.47
3783
-8769.6
11943
-9966.7
1912.2
9703.1
-19935
24000
-19935
9703.1
1912.2
-9966.7
11943
-8769.6
3783
-450.47
339.94
-2549.8
4763.5
-5045
3110.6
-299.58
-1576.3
1579.3
-223.39
-1049.7
1019
427.45
-2291.3
3285.6
-2818.8
1399.4
-193.57
108.52
-1114.3
2305.3
-2627.8
1699.4
-92.686
-1120.9
1203.2
-312.94
-631.48
676.89
413.04
-1963.2
2902.9
-2598.1
1354.2
-192.77
60.027
-1072.5
2393.8
-2860.1
1894.5
-3.7198e-10
-1575.9
1789.4
-647.9
-718.88
879.49
764.82
-3400.8
5291.4
-5058.6
2842.6
-412.46
-3.0833e-10
-2570.5
6754.8
-9336.5
7175.1
582.05
-11472
20690
-23624
18477
-7372.1
-4768
12897
-14479
10543
-4636
477.13
172.05
1841.1
-4103.7
4500
-2590.8
-332.54
2387.1
-2508.5
1120.7
329.14
-528.9
-742.49
2538.8
-3538.7
3062
-1544.3
148.37
150.95
704.52
-1854.1
2215.9
-1330.7
-295.03
1595.3
-1773.4
909.94
114.6
-316.25
-618.77
2082.1
-3009.9
2710.9
-1413.6
103.6
237.57
591.29
-1826.8
2312.9
-1408.3
-472.54
2126.8
-2472.4
1417.3
-1.5584e-09
-362.22
-1009.1
3423.5
-5222.5
4998.4
-2759.6
119.29
766.76
1135.6
-4656.5
6823.4
-4677.2
-2586.7
12593
-20710
22521
-16399
4606.7
7825.6
-15791
16774
-11925
5011.1
3.6098e-09
-1164
-712.48
3105.8
-3706.8
1908.6
1053.5
-3228.2
3421.9
-1962.1
296.31
173.29
887.43
-2590.9
3585.6
-3102.8
1500
69.562
-567.14
-154.38
1283.4
-1713.6
908.92
694.54
-2042.6
2284.7
-1423.4
297.78
81.442
676.08
-2032.1
2935.4
-2641.6
1302.2
137.47
-665.89
-1.8497e-09
1171.6
-1705.4
899.39
920.75
-2601.9
3031.2
-2022.4
523.46
66.369
1006.2
-3171.7
4854.1
-4624.7
2370.8
441.08
-1725.4
378.02
2627
-4550.9
2598.1
4013.5
-13028
20014
-20764
13823
-1566.9
-10906
18471
-18666
12786
-4820.1
-1024.6
2637.2
-801.34
-1832.2
2746.5
-1155.8
-1767.7
4005.8
-4231.3
2668.4
-758.75
-7.2179
-820.98
2420.2
-3413.1
2941.7
-1280.6
-433.7
1102.7
-490.18
-645.35
1176.9
-491.96
-1048.1
2407.3
-2685.5
1808
-568.32
0
-568.32
1808
-2685.5
2407.3
-1048.1
-491.96
1176.9
-645.35
-490.18
1102.7
-433.7
-1280.6
2941.7
-3413.1
2420.2
-820.98
-7.2179
-758.75
2668.4
-4231.3
4005.8
-1767.7
-1155.8
2746.5
-1832.2
-801.34
2637.2
-1024.6
-4820.1
12786
-18666
18471
-10906
-1566.9
13823
-20764
20014
-13028
4013.5
2598.1
-4550.9
2627
378.02
-1725.4
441.08
2370.8
-4624.7
4854.1
-3171.7
1006.2
66.369
523.46
-2022.4
3031.2
-2601.9
920.75
899.39
-1705.4
1171.6
2.0797e-09
-665.89
137.47
1302.2
-2641.6
2935.4
-2032.1
676.08
81.442
297.78
-1423.4
2284.7
-2042.6
694.54
908.92
-1713.6
1283.4
-154.38
-567.14
69.562
1500
-3102.8
3585.6
-2590.9
887.43
173.29
296.31
-1962.1
3421.9
-3228.2
1053.5
1908.6
-3706.8
3105.8
-712.48
-1164
-1.6535e-09
5011.1
-11925
16774
-15791
7825.6
4606.7
-16399
22521
-20710
12593
-2586.7
-4677.2
6823.4
-4656.5
1135.6
766.76
119.29
-2759.6
4998.4
-5222.5
3423.5
-1009.1
-362.22
-1.6289e-09
1417.3
-2472.4
2126.8
-472.54
-1408.3
2312.9
-1826.8
591.29
237.57
103.6
-1413.6
2710.9
-3009.9
2082.1
-618.77
-316.25
114.6
909.94
-1773.4
1595.3
-295.03
-1330.7
2215.9
-1854.1
704.52
150.95
148.37
-1544.3
3062
-3538.7
2538.8
-742.49
-528.9
329.14
1120.7
-2508.5
2387.1
-332.54
-2590.8
4500
-4103.7
1841.1
172.05
477.13
-4636
10543
-14479
12897
-4768
-7372.1
18477
-23624
20690
-11472
582.05
7175.1
-9336.5
6754.8
-2570.5
-3.7966e-10
-412.46
2842.6
-5058.6
5291.4
-3400.8
764.82
879.49
-718.88
-647.9
1789.4
-1575.9
-6.2186e-09
1894.5
-2860.1
2393.8
-1072.5
60.027
-192.77
1354.2
-2598.1
2902.9
-1963.2
413.04
676.89
-631.48
-312.94
1203.2
-1120.9
-92.686
1699.4
-2627.8
2305.3
-1114.3
108.52
-193.57
1399.4
-2818.8
3285.6
-2291.3
427.45
1019
-1049.7
-223.39
1579.3
-1576.3
-299.58
3110.6
-5045
4763.5
-2549.8
339.94
-450.47
3783
-8769.6
11943
-9966.7
1912.2
9703.1
-19935
24000
-19935
9703.1
1912.2
-9966.7
11943
-8769.6
3783
-450.47
339.94
-2549.8
4763.5
-5045
3110.6
-299.58
-1576.3
1579.3
-223.39
-1049.7
1019
427.45
-2291.3
3285.6
-2818.8
1399.4
-193.57
108.52
-1114.3
2305.3
-2627.8
1699.4
-92.686
-1120.9
1203.2
-312.94
-631.48
676.89
413.04
-1963.2
2902.9
-2598.1
1354.2
-192.77
60.027
-1072.5
2393.8
-2860.1
1894.5
3.0193e-09
-1575.9
1789.4
-647.9
-718.88
879.49
764.82
-3400.8
5291.4
-5058.6
2842.6
-412.46
6.0823e-10
-2570.5
6754.8
-9336.5
7175.1
582.05
-11472
20690
-23624
18477
-7372.1
-4768
12897
-14479
10543
-4636
477.13
172.05
1841.1
-4103.7
4500
-2590.8
-332.54
2387.1
-2508.5
1120.7
329.14
-528.9
-742.49
2538.8
-3538.7
3062
-1544.3
148.37
150.95
704.52
-1854.1
2215.9
-1330.7
-295.03
1595.3
-1773.4
909.94
114.6
-316.25
-618.77
2082.1
-3009.9
2710.9
-1413.6
103.6
237.57
591.29
-1826.8
2312.9
-1408.3
-472.54
2126.8
-2472.4
1417.3
-6.4074e-10
-362.22
-1009.1
3423.5
-5222.5
4998.4
-2759.6
119.29
766.76
1135.6
-4656.5
6823.4
-4677.2
-2586.7
12593
-20710
22521
-16399
4606.7
7825.6
-15791
16774
-11925
5011.1
5.5106e-09
-1164
-712.48
3105.8
-3706.8
1908.6
1053.5
-3228.2
3421.9
-1962.1
296.31
173.29
887.43
-2590.9
3585.6
-3102.8
1500
69.562
-567.14
-154.38
1283.4
-1713.6
908.92
694.54
-2042.6
2284.7
-1423.4
297.78
81.442
676.08
-2032.1
2935.4
-2641.6
1302.2
137.47
-665.89
-8.3771e-10
1171.6
-1705.4
899.39
920.75
-2601.9
3031.2
-2022.4
523.46
66.369
1006.2
-3171.7
4854.1
-4624.7
2370.8
441.08
-1725.4
378.02
2627
-4550.9
2598.1
4013.5
-13028
20014
-20764
13823
-1566.9
-10906
18471
-18666
12786
-4820.1
-1024.6
2637.2
-801.34
-1832.2
2746.5
-1155.8
-1767.7
4005.8
-4231.3
2668.4
-758.75
-7.2179
-820.98
2420.2
-3413.1
2941.7
-1280.6
-433.7
1102.7
-490.18
-645.35
1176.9
-491.96
-1048.1
2407.3
-2685.5
1808
-568.32
0
-568.32
1808
-2685.5
2407.3
-1048.1
-491.96
1176.9
-645.35
-490.18
1102.7
-433.7
-1280.6
2941.7
-3413.1
2420.2
-820.98
-7.2179
-758.75
2668.4
-4231.3
4005.8
-1767.7
-1155.8
2746.5
-1832.2
-801.34
2637.2
-1024.6
-4820.1
12786
-18666
18471
-10906
-1566.9
13823
-20764
20014
-13028
4013.5
2598.1
-4550.9
2627
378.02
-1725.4
441.08
2370.8
-4624.7
4854.1
-3171.7
1006.2
66.369
523.46
-2022.4
3031.2
-2601.9
920.75
899.39
-1705.4
1171.6
4.9266e-09
-665.89
137.47
1302.2
-2641.6
2935.4
-2032.1
676.08
81.442
297.78
-1423.4
2284.7
-2042.6
694.54
908.92
-1713.6
1283.4
-154.38
-567.14
69.562
1500
-3102.8
3585.6
-2590.9
887.43
173.29
296.31
-1962.1
3421.9
-3228.2
1053.5
1908.6
-3706.8
3105.8
-712.48
-1164
-4.5425e-09
5011.1
-11925
16774
-15791
7825.6
4606.7
-16399
22521
-20710
12593
-2586.7
-4677.2
6823.4
-4656.5
1135.6
766.76
119.29
-2759.6
4998.4
-5222.5
3423.5
-1009.1
-362.22
-2.5466e-09
1417.3
-2472.4
2126.8
-472.54
-1408.3
2312.9
-1826.8
591.29
237.57
103.6
-1413.6
2710.9
-3009.9
2082.1
-618.77
-316.25
114.6
909.94
-1773.4
1595.3
-295.03
-1330.7
2215.9
-1854.1
704.52
150.95
148.37
-1544.3
3062
-3538.7
2538.8
-742.49
-528.9
329.14
1120.7
-2508.5
2387.1
-332.54
-2590.8
4500
-4103.7
1841.1
172.05
477.13
-4636
10543
-14479
12897
-4768
-7372.1
18477
-23624
20690
-11472
582.05
7175.1
-9336.5
6754.8
-2570.5
3.3613e-09
-412.46
2842.6
-5058.6
5291.4
-3400.8
764.82
879.49
-718.88
-647.9
1789.4
-1575.9
-4.7982e-09
1894.5
-2860.1
2393.8
-1072.5
60.027
-192.77
1354.2
-2598.1
2902.9
-1963.2
413.04
676.89
-631.48
-312.94
1203.2
-1120.9
-92.686
1699.4
-2627.8
2305.3
-1114.3
108.52
-193.57
1399.4
-2818.8
3285.6
-2291.3
427.45
1019
-1049.7
-223.39
1579.3
-1576.3
-299.58
3110.6
-5045
4763.5
-2549.8
339.94
-450.47
3783
-8769.6
11943
-9966.7
1912.2
9703.1
-19935
24000
-19935
9703.1
1912.2
-9966.7
11943
-8769.6
3783
-450.47
339.94
-2549.8
4763.5
-5045
3110.6
-299.58
-1576.3
1579.3
-223.39
-1049.7
1019
427.45
-2291.3
3285.6
-2818.8
1399.4
-193.57
108.52
-1114.3
2305.3
-2627.8
1699.4
-92.686
-1120.9
1203.2
-312.94
-631.48
676.89
413.04
-1963.2
2902.9
-2598.1
1354.2
-192.77
60.027
-1072.5
2393.8
-2860.1
1894.5
-1.9886e-09
-1575.9
1789.4
-647.9
-718.88
879.49
764.82
-3400.8
5291.4
-5058.6
2842.6
-412.46
-3.1323e-09
-2570.5
6754.8
-9336.5
7175.1
582.05
-11472
20690
-23624
18477
-7372.1
-4768
12897
-14479
10543
-4636
477.13
172.05
1841.1
-4103.7
4500
-2590.8
-332.54
2387.1
-2508.5
1120.7
329.14
-528.9
-742.49
2538.8
-3538.7
3062
-1544.3
148.37
150.95
704.52
-1854.1
2215.9
-1330.7
-295.03
1595.3
-1773.4
909.94
114.6
-316.25
-618.77
2082.1
-3009.9
2710.9
-1413.6
103.6
237.57
591.29
-1826.8
2312.9
-1408.3
-472.54
2126.8
-2472.4
1417.3
-2.452e-09
-362.22
-1009.1
3423.5
-5222.5
4998.4
-2759.6
119.29
766.76
1135.6
-4656.5
6823.4
-4677.2
-2586.7
12593
-20710
22521
-16399
4606.7
7825.6
-15791
16774
-11925
5011.1
1.6062e-09
-1164
-712.48
3105.8
-3706.8
1908.6
1053.5
-3228.2
3421.9
-1962.1
296.31
173.29
887.43
-2590.9
3585.6
-3102.8
1500
69.562
-567.14
-154.38
1283.4
-1713.6
908.92
694.54
-2042.6
2284.7
-1423.4
297.78
81.442
676.08
-2032.1
2935.4
-2641.6
1302.2
137.47
-665.89
-1.7556e-09
1171.6
-1705.4
899.39
920.75
-2601.9
3031.2
-2022.4
523.46
66.369
1006.2
-3171.7
4854.1
-4624.7
2370.8
441.08
-1725.4
378.02
2627
-4550.9
2598.1
4013.5
-13028
20014
-20764
13823
-1566.9
-10906
18471
-18666
12786
-4820.1
-1024.6
2637.2
-801.34
-1832.2
2746.5
-1155.8
-1767.7
4005.8
-4231.3
2668.4
-758.75
-7.2179
-820.98
2420.2
-3413.1
2941.7
-1280.6
-433.7
1102.7
-490.18
-645.35
1176.9
-491.96
-1048.1
2407.3
-2685.5
1808
-568.32
0
-568.32
1808
-2685.5
2407.3
-1048.1
-491.96
1176.9
-645.35
-490.18
1102.7
-433.7
-1280.6
2941.7
-3413.1
2420.2
-820.98
-7.2179
-758.75
2668.4
-4231.3
4005.8
-1767.7
-1155.8
2746.5
-1832.2
-801.34
2637.2
-1024.6
-4820.1
12786
-18666
18471
-10906
-1566.9
13823
-20764
20014
-13028
4013.5
2598.1
-4550.9
2627
378.02
-1725.4
441.08
2370.8
-4624.7
4854.1
-3171.7
1006.2
66.369
523.46
-2022.4
3031.2
-2601.9
920.75
899.39
-1705.4
1171.6
1.9847e-09
-665.89
137.47
1302.2
-2641.6
2935.4
-2032.1
676.08
81.442
297.78
-1423.4
2284.7
-2042.6
694.54
908.92
-1713.6
1283.4
-154.38
-567.14
69.562
1500
-3102.8
3585.6
-2590.9
887.43
173.29
296.31
-1962.1
3421.9
-3228.2
1053.5
1908.6
-3706.8
3105.8
-712.48
-1164
6.1536e-09
5011.1
-11925
16774
-15791
7825.6
4606.7
-16399
22521
-20710
12593
-2586.7
-4677.2
6823.4
-4656.5
1135.6
766.76
119.29
-2759.6
4998.4
-5222.5
3423.5
-1009.1
-362.22
1.9932e-09
1417.3
-2472.4
2126.8
-472.54
-1408.3
2312.9
-1826.8
591.29
237.57
103.6
-1413.6
2710.9
-3009.9
2082.1
-618.77
-316.25
114.6
909.94
-1773.4
1595.3
-295.03
-1330.7
2215.9
-1854.1
704.52
150.95
148.37
-1544.3
3062
-3538.7
2538.8
-742.49
-528.9
329.14
1120.7
-2508.5
2387.1
-332.54
-2590.8
4500
-4103.7
1841.1
172.05
477.13
-4636
10543
-14479
12897
-4768
-7372.1
18477
-23624
20690
-11472
582.05
7175.1
-9336.5
6754.8
-2570.5
4.3742e-09
-412.46
2842.6
-5058.6
5291.4
-3400.8
764.82
879.49
-718.88
-647.9
1789.4
-1575.9
-3.9904e-09
1894.5
-2860.1
2393.8
-1072.5
60.027
-192.77
1354.2
-2598.1
2902.9
-1963.2
413.04
676.89
-631.48
-312.94
1203.2
-1120.9
-92.686
1699.4
-2627.8
2305.3
-1114.3
108.52
-193.57
1399.4
-2818.8
3285.6
-2291.3
427.45
1019
-1049.7
-223.39
1579.3
-1576.3
-299.58
3110.6
-5045
4763.5
-2549.8
339.94
-450.47
3783
-8769.6
11943
-9966.7
1912.2
9703.1
-19935
24000
-19935
9703.1
1912.2
-9966.7
11943
-8769.6
3783
-450.47
339.94
-2549.8
4763.5
-5045
3110.6
-299.58
-1576.3
1579.3
-223.39
-1049.7
1019
427.45
-2291.3
3285.6
-2818.8
1399.4
-193.57
108.52
-1114.3
2305.3
-2627.8
1699.4
-92.686
-1120.9
1203.2
-312.94
-631.48
676.89
413.04
-1963.2
2902.9
-2598.1
1354.2
-192.77
60.027
-1072.5
2393.8
-2860.1
1894.5
2.394e-09
-1575.9
1789.4
-647.9
-718.88
879.49
764.82
-3400.8
5291.4
-5058.6
2842.6
-412.46
-4.9419e-09
-2570.5
6754.8
-9336.5
7175.1
582.05
-11472
20690
-23624
18477
-7372.1
-4768
12897
-14479
10543
-4636
477.13
172.05
1841.1
-4103.7
4500
-2590.8
-332.54
2387.1
-2508.5
1120.7
329.14
-528.9
-742.49
2538.8
-3538.7
3062
-1544.3
148.37
150.95
704.52
-1854.1
2215.9
-1330.7
-295.03
1595.3
-1773.4
909.94
114.6
-316.25
-618.77
2082.1
-3009.9
2710.9
-1413.6
103.6
237.57
591.29
-1826.8
2312.9
-1408.3
-472.54
2126.8
-2472.4
1417.3
-4.2633e-09
-362.22
-1009.1
3423.5
-5222.5
4998.4
-2759.6
119.29
766.76
1135.6
-4656.5
6823.4
-4677.2
-2586.7
12593
-20710
22521
-16399
4606.7
7825.6
-15791
16774
-11925
5011.1
4.4979e-09
-1164
-712.48
3105.8
-3706.8
1908.6
1053.5
-3228.2
3421.9
-1962.1
296.31
173.29
887.43
-2590.9
3585.6
-3102.8
1500
69.562
-567.14
-154.38
1283.4
-1713.6
908.92
694.54
-2042.6
2284.7
-1423.4
297.78
81.442
676.08
-2032.1
2935.4
-2641.6
1302.2
137.47
-665.89
-1.8728e-09
1171.6
-1705.4
899.39
920.75
-2601.9
3031.2
-2022.4
523.46
66.369
1006.2
-3171.7
4854.1
-4624.7
2370.8
441.08
-1725.4
378.02
2627
-4550.9
2598.1
4013.5
-13028
20014
-20764
13823
-1566.9
-10906
18471
-18666
12786
-4820.1
-1024.6
2637.2
-801.34
-1832.2
2746.5
-1155.8
-1767.7
4005.8
-4231.3
2668.4
-758.75
-7.2179
-820.98
2420.2
-3413.1
2941.7
-1280.6
-433.7
1102.7
-490.18
-645.35
1176.9
-491.96
-1048.1
2407.3
-2685.5
1808
-568.32
0
-568.32
1808
-2685.5
2407.3
-1048.1
-491.96
1176.9
-645.35
-490.18
1102.7
-433.7
-1280.6
2941.7
-3413.1
2420.2
-820.98
-7.2179
-758.75
2668.4
-4231.3
4005.8
-1767.7
-1155.8
2746.5
-1832.2
-801.34
2637.2
-1024.6
-4820.1
12786
-18666
18471
-10906
-1566.9
13823
-20764
20014
-13028
4013.5
2598.1
-4550.9
2627
378.02
-1725.4
441.08
2370.8
-4624.7
4854.1
-3171.7
1006.2
66.369
523.46
-2022.4
3031.2
-2601.9
920.75
899.39
-1705.4
1171.6
1.3042e-09
-665.89
137.47
1302.2
-2641.6
2935.4
-2032.1
676.08
81.442
297.78
-1423.4
2284.7
-2042.6
694.54
908.92
-1713.6
1283.4
-154.38
-567.14
69.562
1500
-3102.8
3585.6
-2590.9
887.43
173.29
296.31
-1962.1
3421.9
-3228.2
1053.5
1908.6
-3706.8
3105.8
-712.48
-1164
-2.5407e-09
5011.1
-11925
16774
-15791
7825.6
4606.7
-16399
22521
-20710
12593
-2586.7
-4677.2
6823.4
-4656.5
1135.6
766.76
119.29
-2759.6
4998.4
-5222.5
3423.5
-1009.1
-362.22
-4.3806e-09
1417.3
-2472.4
2126.8
-472.54
-1408.3
2312.9
-1826.8
591.29
237.57
103.6
-1413.6
2710.9
-3009.9
2082.1
-618.77
-316.25
114.6
909.94
-1773.4
1595.3
-295.03
-1330.7
2215.9
-1854.1
704.52
150.95
148.37
-1544.3
3062
-3538.7
2538.8
-742.49
-528.9
329.14
1120.7
-2508.5
2387.1
-332.54
-2590.8
4500
-4103.7
1841.1
172.05
477.13
-4636
10543
-14479
12897
-4768
-7372.1
18477
-23624
20690
-11472
582.05
7175.1
-9336.5
6754.8
-2570.5
8.9128e-09
-412.46
2842.6
-5058.6
5291.4
-3400.8
764.82
879.49
-718.88
-647.9
1789.4
-1575.9
-8.984e-09
1894.5
-2860.1
2393.8
-1072.5
60.027
-192.77
1354.2
-2598.1
2902.9
-1963.2
413.04
676.89
-631.48
-312.94
1203.2
-1120.9
-92.686
1699.4
-2627.8
2305.3
-1114.3
108.52
-193.57
1399.4
-2818.8
3285.6
-2291.3
427.45
1019
-1049.7
-223.39
1579.3
-1576.3
-299.58
3110.6
-5045
4763.5
-2549.8
339.94
-450.47
3783
-8769.6
11943
-9966.7
1912.2
9703.1
-19935
24000
-19935
9703.1
1912.2
-9966.7
11943
-8769.6
3783
-450.47
339.94
-2549.8
4763.5
-5045
3110.6
-299.58
-1576.3
1579.3
-223.39
-1049.7
1019
427.45
-2291.3
3285.6
-2818.8
1399.4
-193.57
108.52
-1114.3
2305.3
-2627.8
1699.4
-92.686
-1120.9
1203.2
-312.94
-631.48
676.89
413.04
-1963.2
2902.9
-2598.1
1354.2
-192.77
60.027
-1072.5
2393.8
-2860.1
1894.5
6.7762e-09
-1575.9
1789.4
-647.9
-718.88
879.49
764.82
-3400.8
5291.4
-5058.6
2842.6
-412.46
-9.8143e-09
-2570.5
6754.8
-9336.5
7175.1
582.05
-11472
20690
-23624
18477
-7372.1
-4768
12897
-14479
10543
-4636
477.13
172.05
1841.1
-4103.7
4500
-2590.8
-332.54
2387.1
-2508.5
1120.7
329.14
-528.9
-742.49
2538.8
-3538.7
3062
-1544.3
148.37
150.95
704.52
-1854.1
2215.9
-1330.7
-295.03
1595.3
-1773.4
909.94
114.6
-316.25
-618.77
2082.1
-3009.9
2710.9
-1413.6
103.6
237.57
591.29
-1826.8
2312.9
-1408.3
-472.54
2126.8
-2472.4
1417.3
4.8394e-09
-362.22
-1009.1
3423.5
-5222.5
4998.4
-2759.6
119.29
766.76
1135.6
-4656.5
6823.4
-4677.2
-2586.7
12593
-20710
22521
-16399
4606.7
7825.6
-15791
16774
-11925
5011.1
1.0598e-08
-1164
-712.48
3105.8
-3706.8
1908.6
1053.5
-3228.2
3421.9
-1962.1
296.31
173.29
887.43
-2590.9
3585.6
-3102.8
1500
69.562
-567.14
-154.38
1283.4
-1713.6
908.92
694.54
-2042.6
2284.7
-1423.4
297.78
81.442
676.08
-2032.1
2935.4
-2641.6
1302.2
137.47
-665.89
4.5949e-09
1171.6
-1705.4
899.39
920.75
-2601.9
3031.2
-2022.4
523.46
66.369
1006.2
-3171.7
4854.1
-4624.7
2370.8
441.08
-1725.4
378.02
2627
-4550.9
2598.1
4013.5
-13028
20014
-20764
13823
-1566.9
-10906
18471
-18666
12786
-4820.1
-1024.6
2637.2
-801.34
-1832.2
2746.5
-1155.8
-1767.7
4005.8
-4231.3
2668.4
-758.75
-7.2179
-820.98
2420.2
-3413.1
2941.7
-1280.6
-433.7
1102.7
-490.18
-645.35
1176.9
-491.96
-1048.1
2407.3
-2685.5
1808
-568.32
0
-568.32
1808
-2685.5
2407.3
-1048.1
-491.96
1176.9
-645.35
-490.18
1102.7
-433.7
-1280.6
2941.7
-3413.1
2420.2
-820.98
-7.2179
-758.75
2668.4
-4231.3
4005.8
-1767.7
-1155.8
2746.5
-1832.2
-801.34
2637.2
-1024.6
-4820.1
12786
-18666
18471
-10906
-1566.9
13823
-20764
20014
-13028
4013.5
2598.1
-4550.9
2627
378.02
-1725.4
441.08
2370.8
-4624.7
4854.1
-3171.7
1006.2
66.369
523.46
-2022.4
3031.2
-2601.9
920.75
899.39
-1705.4
1171.6
-1.6378e-09
-665.89
137.47
1302.2
-2641.6
2935.4
-2032.1
676.08
81.442
297.78
-1423.4
2284.7
-2042.6
694.54
908.92
-1713.6
1283.4
-154.38
-567.14
69.562
1500
-3102.8
3585.6
-2590.9
887.43
173.29
296.31
-1962.1
3421.9
-3228.2
1053.5
1908.6
-3706.8
3105.8
-712.48
-1164
-2.2242e-09
5011.1
-11925
16774
-15791
7825.6
4606.7
-16399
22521
-20710
12593
-2586.7
-4677.2
6823.4
-4656.5
1135.6
766.76
119.29
-2759.6
4998.4
-5222.5
3423.5
-1009.1
-362.22
1.5916e-10
1417.3
-2472.4
2126.8
-472.54
-1408.3
2312.9
-1826.8
591.29
237.57
103.6
-1413.6
2710.9
-3009.9
2082.1
-618.77
-316.25
114.6
909.94
-1773.4
1595.3
-295.03
-1330.7
2215.9
-1854.1
704.52
150.95
148.37
-1544.3
3062
-3538.7
2538.8
-742.49
-528.9
329.14
1120.7
-2508.5
2387.1
-332.54
-2590.8
4500
-4103.7
1841.1
172.05
477.13
-4636
10543
-14479
12897
-4768
-7372.1
18477
-23624
20690
-11472
582.05
7175.1
-9336.5
6754.8
-2570.5
7.9958e-09
-412.46
2842.6
-5058.6
5291.4
-3400.8
764.82
879.49
-718.88
-647.9
1789.4
-1575.9
-4.356e-09
1894.5
-2860.1
2393.8
-1072.5
60.027
-192.77
1354.2
-2598.1
2902.9
-1963.2
413.04
676.89
-631.48
-312.94
1203.2
-1120.9
-92.686
1699.4
-2627.8
2305.3
-1114.3
108.52
-193.57
1399.4
-2818.8
3285.6
-2291.3
427.45
1019
-1049.7
-223.39
1579.3
-1576.3
-299.58
3110.6
-5045
4763.5
-2549.8
339.94
-450.47
3783
-8769.6
11943
-9966.7
1912.2
9703.1
-19935
24000
-19935
9703.1
1912.2
-9966.7
11943
-8769.6
3783
-450.47
339.94
-2549.8
4763.5
-5045
3110.6
-299.58
-1576.3
1579.3
-223.39
-1049.7
1019
427.45
-2291.3
3285.6
-2818.8
1399.4
-193.57
108.52
-1114.3
2305.3
-2627.8
1699.4
-92.686
-1120.9
1203.2
-312.94
-631.48
676.89
413.04
-1963.2
2902.9
-2598.1
1354.2
-192.77
60.027
-1072.5
2393.8
-2860.1
1894.5
-3.042e-09
-1575.9
1789.4
-647.9
-718.88
879.49
764.82
-3400.8
5291.4
-5058.6
2842.6
-412.46
-1.1789e-09
-2570.5
6754.8
-9336.5
7175.1
582.05
-11472
20690
-23624
18477
-7372.1
-4768
12897
-14479
10543
-4636
477.13
172.05
1841.1
-4103.7
4500
-2590.8
-332.54
2387.1
-2508.5
1120.7
329.14
-528.9
-742.49
2538.8
-3538.7
3062
-1544.3
148.37
150.95
704.52
-1854.1
2215.9
-1330.7
-295.03
1595.3
-1773.4
909.94
114.6
-316.25
-618.77
2082.1
-3009.9
2710.9
-1413.6
103.6
237.57
591.29
-1826.8
2312.9
-1408.3
-472.54
2126.8
-2472.4
1417.3
-5.1568e-09
-362.22
-1009.1
3423.5
-5222.5
4998.4
-2759.6
119.29
766.76
1135.6
-4656.5
6823.4
-4677.2
-2586.7
12593
-20710
22521
-16399
4606.7
7825.6
-15791
16774
-11925
5011.1
5.0914e-09
-1164
-712.48
3105.8
-3706.8
1908.6
1053.5
-3228.2
3421.9
-1962.1
296.31
173.29
887.43
-2590.9
3585.6
-3102.8
1500
69.562
-567.14
-154.38
1283.4
-1713.6
908.92
694.54
-2042.6
2284.7
-1423.4
297.78
81.442
676.08
-2032.1
2935.4
-2641.6
1302.2
137.47
-665.89
-5.6381e-09
1171.6
-1705.4
899.39
920.75
-2601.9
3031.2
-2022.4
523.46
66.369
1006.2
-3171.7
4854.1
-4624.7
2370.8
441.08
-1725.4
378.02
2627
-4550.9
2598.1
4013.5
-13028
20014
-20764
13823
-1566.9
-10906
18471
-18666
12786
-4820.1
-1024.6
2637.2
-801.34
-1832.2
2746.5
-1155.8
-1767.7
4005.8
-4231.3
2668.4
-758.75
-7.2179
-820.98
2420.2
-3413.1
2941.7
-1280.6
-433.7
1102.7
-490.18
-645.35
1176.9
-491.96
-1048.1
2407.3
-2685.5
1808
-568.32
0
-568.32
1808
-2685.5
2407.3
-1048.1
-491.96
1176.9
-645.35
-490.18
1102.7
-433.7
-1280.6
2941.7
-3413.1
2420.2
-820.98
-7.2179
-758.75
2668.4
-4231.3
4005.8
-1767.7
-1155.8
2746.5
-1832.2
-801.34
2637.2
-1024.6
-4820.1
12786
-18666
18471
-10906
-1566.9
13823
-20764
20014
-13028
4013.5
2598.1
-4550.9
2627
378.02
-1725.4
441.08
2370.8
-4624.7
4854.1
-3171.7
1006.2
66.369
523.46
-2022.4
3031.2
-2601.9
920.75
899.39
-1705.4
1171.6
3.1382e-09
-665.89
137.47
1302.2
-2641.6
2935.4
-2032.1
676.08
81.442
297.78
-1423.4
2284.7
-2042.6
694.54
908.92
-1713.6
1283.4
-154.38
-567.14
69.562
1500
-3102.8
3585.6
-2590.9
887.43
173.29
296.31
-1962.1
3421.9
-3228.2
1053.5
1908.6
-3706.8
3105.8
-712.48
-1164
-1.0306e-08
5011.1
-11925
16774
-15791
7825.6
4606.7
-16399
22521
-20710
12593
-2586.7
-4677.2
6823.4
-4656.5
1135.6
766.76
119.29
-2759.6
4998.4
-5222.5
3423.5
-1009.1
-362.22
-7.5852e-10
1417.3
-2472.4
2126.8
-472.54
-1408.3
2312.9
-1826.8
591.29
237.57
103.6
-1413.6
2710.9
-3009.9
2082.1
-618.77
-316.25
114.6
909.94
-1773.4
1595.3
-295.03
-1330.7
2215.9
-1854.1
704.52
150.95
148.37
-1544.3
3062
-3538.7
2538.8
-742.49
-528.9
329.14
1120.7
-2508.5
2387.1
-332.54
-2590.8
4500
-4103.7
1841.1
172.05
477.13
-4636
10543
-14479
12897
-4768
-7372.1
18477
-23624
20690
-11472
582.05
7175.1
-9336.5
6754.8
-2570.5
3.2194e-09
-412.46
2842.6
-5058.6
5291.4
-3400.8
764.82
879.49
-718.88
-647.9
1789.4
-1575.9
-4.1612e-09
1894.5
-2860.1
2393.8
-1072.5
60.027
-192.77
1354.2
-2598.1
2902.9
-1963.2
413.04
676.89
-631.48
-312.94
1203.2
-1120.9
-92.686
1699.4
-2627.8
2305.3
-1114.3
108.52
-193.57
1399.4
-2818.8
3285.6
-2291.3
427.45
1019
-1049.7
-223.39
1579.3
-1576.3
-299.58
3110.6
-5045
4763.5
-2549.8
339.94
-450.47
3783
-8769.6
11943
-9966.7
1912.2
9703.1
-19935
