2800
-2325.7
1132
223.1
-1162.8
1393.4
-1023.1
441.35
-52.555
39.66
-297.48
555.74
-588.58
362.9
-34.951
-183.9
184.25
-26.062
-122.46
118.88
49.869
-267.31
383.32
-328.85
163.26
-22.583
12.661
-130
268.95
-306.57
198.26
-10.813
-130.77
140.38
-36.51
-73.673
78.971
48.188
-229.04
338.67
-303.11
157.99
-22.49
7.0031
-125.13
279.27
-333.68
221.02
9.3223e-12
-183.85
208.76
-75.589
-83.869
102.61
89.229
-396.76
617.33
-590.17
331.64
-48.121
-3.6685e-12
-299.89
788.07
-1089.3
837.09
67.905
-1338.4
2413.8
-2756.1
2155.7
-860.08
-556.26
1504.6
-1689.2
1230
-540.86
55.665
20.072
214.8
-478.77
525
-302.26
-38.796
278.49
-292.66
130.75
38.4
-61.705
-86.623
296.2
-412.85
357.24
-180.17
17.31
17.611
82.195
-216.31
258.52
-155.25
-34.42
186.11
-206.89
106.16
13.37
-36.895
-72.189
242.91
-351.16
316.27
-164.92
12.087
27.716
68.984
-213.12
269.84
-164.3
-55.13
248.13
-288.44
165.35
6.8781e-12
-42.259
-117.73
399.41
-609.29
583.14
-321.95
13.917
89.455
132.49
-543.26
796.07
-545.67
-301.78
1469.2
-2416.2
2627.4
-1913.2
537.45
912.98
-1842.3
1957
-1391.3
584.63
-9.6634e-13
-135.8
-83.122
362.35
-432.46
222.67
122.9
-376.63
399.22
-228.91
34.569
20.218
103.53
-302.27
418.32
-361.99
175
8.1156
-66.166
-18.011
149.73
-199.92
106.04
81.03
-238.31
266.54
-166.07
34.741
9.5015
78.876
-237.08
342.47
-308.18
151.93
16.039
-77.687
-1.4432e-11
136.69
-198.96
104.93
107.42
-303.56
353.63
-235.94
61.071
7.7431
117.39
-370.04
566.31
-539.55
276.59
51.46
-201.3
44.102
306.48
-530.94
303.11
468.24
-1519.9
2334.9
-2422.5
1612.7
-182.8
-1272.3
2155
-2177.7
1491.7
-562.35
-119.54
307.67
-93.49
-213.76
320.42
-134.84
-206.23
467.35
-493.65
311.31
-88.521
-0.84209
-95.781
282.36
-398.2
343.2
-149.4
-50.598
128.65
-57.187
-75.29
137.31
-57.396
-122.28
280.86
-313.31
210.93
-66.304
0
-66.304
210.93
-313.31
280.86
-122.28
-57.396
137.31
-75.29
-57.187
128.65
-50.598
-149.4
343.2
-398.2
282.36
-95.781
-0.84209
-88.521
311.31
-493.65
467.35
-206.23
-134.84
320.42
-213.76
-93.49
307.67
-119.54
-562.35
1491.7
-2177.7
2155
-1272.3
-182.8
1612.7
-2422.5
2334.9
-1519.9
468.24
303.11
-530.94
306.48
44.102
-201.3
51.46
276.59
-539.55
566.31
-370.04
117.39
7.7431
61.071
-235.94
353.63
-303.56
107.42
104.93
-198.96
136.69
-1.2715e-11
-77.687
16.039
151.93
-308.18
342.47
-237.08
78.876
9.5015
34.741
-166.07
266.54
-238.31
81.03
106.04
-199.92
149.73
-18.011
-66.166
8.1156
175
-361.99
418.32
-302.27
103.53
20.218
34.569
-228.91
399.22
-376.63
122.9
222.67
-432.46
362.35
-83.122
-135.8
-1.6541e-11
584.63
-1391.3
1957
-1842.3
912.98
537.45
-1913.2
2627.4
-2416.2
1469.2
-301.78
-545.67
796.07
-543.26
132.49
89.455
13.917
-321.95
583.14
-609.29
399.41
-117.73
-42.259
-4.0473e-11
165.35
-288.44
248.13
-55.13
-164.3
269.84
-213.12
68.984
27.716
12.087
-164.92
316.27
-351.16
242.91
-72.189
-36.895
13.37
106.16
-206.89
186.11
-34.42
-155.25
258.52
-216.31
82.195
17.611
17.31
-180.17
357.24
-412.85
296.2
-86.623
-61.705
38.4
130.75
-292.66
278.49
-38.796
-302.26
525
-478.77
214.8
20.072
55.665
-540.86
1230
-1689.2
1504.6
-556.26
-860.08
2155.7
-2756.1
2413.8
-1338.4
67.905
837.09
-1089.3
788.07
-299.89
1.4027e-11
-48.121
331.64
-590.17
617.33
-396.76
89.229
102.61
-83.869
-75.589
208.76
-183.85
-9.4417e-11
221.02
-333.68
279.27
-125.13
7.0031
-22.49
157.99
-303.11
338.67
-229.04
48.188
78.971
-73.673
-36.51
140.38
-130.77
-10.813
198.26
-306.57
268.95
-130
12.661
-22.583
163.26
-328.85
383.32
-267.31
49.869
118.88
-122.46
-26.062
184.25
-183.9
-34.951
362.9
-588.58
555.74
-297.48
39.66
-52.555
441.35
-1023.1
1393.4
-1162.8
223.1
1132
-2325.7
2800
-2325.7
1132
223.1
-1162.8
1393.4
-1023.1
441.35
-52.555
39.66
-297.48
555.74
-588.58
362.9
-34.951
-183.9
184.25
-26.062
-122.46
118.88
49.869
-267.31
383.32
-328.85
163.26
-22.583
12.661
-130
268.95
-306.57
198.26
-10.813
-130.77
140.38
-36.51
-73.673
78.971
48.188
-229.04
338.67
-303.11
157.99
-22.49
7.0031
-125.13
279.27
-333.68
221.02
7.9609e-11
-183.85
208.76
-75.589
-83.869
102.61
89.229
-396.76
617.33
-590.17
331.64
-48.121
-1.5537e-11
-299.89
788.07
-1089.3
837.09
67.905
-1338.4
2413.8
-2756.1
2155.7
-860.08
-556.26
1504.6
-1689.2
1230
-540.86
55.665
20.072
214.8
-478.77
525
-302.26
-38.796
278.49
-292.66
130.75
38.4
-61.705
-86.623
296.2
-412.85
357.24
-180.17
17.31
17.611
82.195
-216.31
258.52
-155.25
-34.42
186.11
-206.89
106.16
13.37
-36.895
-72.189
242.91
-351.16
316.27
-164.92
12.087
27.716
68.984
-213.12
269.84
-164.3
-55.13
248.13
-288.44
165.35
-2.5409e-11
-42.259
-117.73
399.41
-609.29
583.14
-321.95
13.917
89.455
132.49
-543.26
796.07
-545.67
-301.78
1469.2
-2416.2
2627.4
-1913.2
537.45
912.98
-1842.3
1957
-1391.3
584.63
1.1909e-10
-135.8
-83.122
362.35
-432.46
222.67
122.9
-376.63
399.22
-228.91
34.569
20.218
103.53
-302.27
418.32
-361.99
175
8.1156
-66.166
-18.011
149.73
-199.92
106.04
81.03
-238.31
266.54
-166.07
34.741
9.5015
78.876
-237.08
342.47
-308.18
151.93
16.039
-77.687
-1.005e-10
136.69
-198.96
104.93
107.42
-303.56
353.63
-235.94
61.071
7.7431
117.39
-370.04
566.31
-539.55
276.59
51.46
-201.3
44.102
306.48
-530.94
303.11
468.24
-1519.9
2334.9
-2422.5
1612.7
-182.8
-1272.3
2155
-2177.7
1491.7
-562.35
-119.54
307.67
-93.49
-213.76
320.42
-134.84
-206.23
467.35
-493.65
311.31
-88.521
-0.84209
-95.781
282.36
-398.2
343.2
-149.4
-50.598
128.65
-57.187
-75.29
137.31
-57.396
-122.28
280.86
-313.31
210.93
-66.304
0
-66.304
210.93
-313.31
280.86
-122.28
-57.396
137.31
-75.29
-57.187
128.65
-50.598
-149.4
343.2
-398.2
282.36
-95.781
-0.84209
-88.521
311.31
-493.65
467.35
-206.23
-134.84
320.42
-213.76
-93.49
307.67
-119.54
-562.35
1491.7
-2177.7
2155
-1272.3
-182.8
1612.7
-2422.5
2334.9
-1519.9
468.24
303.11
-530.94
306.48
44.102
-201.3
51.46
276.59
-539.55
566.31
-370.04
117.39
7.7431
61.071
-235.94
353.63
-303.56
107.42
104.93
-198.96
136.69
1.4752e-11
-77.687
16.039
151.93
-308.18
342.47
-237.08
78.876
9.5015
34.741
-166.07
266.54
-238.31
81.03
106.04
-199.92
149.73
-18.011
-66.166
8.1156
175
-361.99
418.32
-302.27
103.53
20.218
34.569
-228.91
399.22
-376.63
122.9
222.67
-432.46
362.35
-83.122
-135.8
-2.87e-10
584.63
-1391.3
1957
-1842.3
912.98
537.45
-1913.2
2627.4
-2416.2
1469.2
-301.78
-545.67
796.07
-543.26
132.49
89.455
13.917
-321.95
583.14
-609.29
399.41
-117.73
-42.259
5.1386e-11
165.35
-288.44
248.13
-55.13
-164.3
269.84
-213.12
68.984
27.716
12.087
-164.92
316.27
-351.16
242.91
-72.189
-36.895
13.37
106.16
-206.89
186.11
-34.42
-155.25
258.52
-216.31
82.195
17.611
17.31
-180.17
357.24
-412.85
296.2
-86.623
-61.705
38.4
130.75
-292.66
278.49
-38.796
-302.26
525
-478.77
214.8
20.072
55.665
-540.86
1230
-1689.2
1504.6
-556.26
-860.08
2155.7
-2756.1
2413.8
-1338.4
67.905
837.09
-1089.3
788.07
-299.89
-4.1436e-11
-48.121
331.64
-590.17
617.33
-396.76
89.229
102.61
-83.869
-75.589
208.76
-183.85
-7.7989e-11
221.02
-333.68
279.27
-125.13
7.0031
-22.49
157.99
-303.11
338.67
-229.04
48.188
78.971
-73.673
-36.51
140.38
-130.77
-10.813
198.26
-306.57
268.95
-130
12.661
-22.583
163.26
-328.85
383.32
-267.31
49.869
118.88
-122.46
-26.062
184.25
-183.9
-34.951
362.9
-588.58
555.74
-297.48
39.66
-52.555
441.35
-1023.1
1393.4
-1162.8
223.1
1132
-2325.7
2800
-2325.7
1132
223.1
-1162.8
1393.4
-1023.1
441.35
-52.555
39.66
-297.48
555.74
-588.58
362.9
-34.951
-183.9
184.25
-26.062
-122.46
118.88
49.869
-267.31
383.32
-328.85
163.26
-22.583
12.661
-130
268.95
-306.57
198.26
-10.813
-130.77
140.38
-36.51
-73.673
78.971
48.188
-229.04
338.67
-303.11
157.99
-22.49
7.0031
-125.13
279.27
-333.68
221.02
1.9458e-10
-183.85
208.76
-75.589
-83.869
102.61
89.229
-396.76
617.33
-590.17
331.64
-48.121
-4.4317e-11
-299.89
788.07
-1089.3
837.09
67.905
-1338.4
2413.8
-2756.1
2155.7
-860.08
-556.26
1504.6
-1689.2
1230
-540.86
55.665
20.072
214.8
-478.77
525
-302.26
-38.796
278.49
-292.66
130.75
38.4
-61.705
-86.623
296.2
-412.85
357.24
-180.17
17.31
17.611
82.195
-216.31
258.52
-155.25
-34.42
186.11
-206.89
106.16
13.37
-36.895
-72.189
242.91
-351.16
316.27
-164.92
12.087
27.716
68.984
-213.12
269.84
-164.3
-55.13
248.13
-288.44
165.35
8.1627e-11
-42.259
-117.73
399.41
-609.29
583.14
-321.95
13.917
89.455
132.49
-543.26
796.07
-545.67
-301.78
1469.2
-2416.2
2627.4
-1913.2
537.45
912.98
-1842.3
1957
-1391.3
584.63
4.9283e-11
-135.8
-83.122
362.35
-432.46
222.67
122.9
-376.63
399.22
-228.91
34.569
20.218
103.53
-302.27
418.32
-361.99
175
8.1156
-66.166
-18.011
149.73
-199.92
106.04
81.03
-238.31
266.54
-166.07
34.741
9.5015
78.876
-237.08
342.47
-308.18
151.93
16.039
-77.687
6.4131e-11
136.69
-198.96
104.93
107.42
-303.56
353.63
-235.94
61.071
7.7431
117.39
-370.04
566.31
-539.55
276.59
51.46
-201.3
44.102
306.48
-530.94
303.11
468.24
-1519.9
2334.9
-2422.5
1612.7
-182.8
-1272.3
2155
-2177.7
1491.7
-562.35
-119.54
307.67
-93.49
-213.76
320.42
-134.84
-206.23
467.35
-493.65
311.31
-88.521
-0.84209
-95.781
282.36
-398.2
343.2
-149.4
-50.598
128.65
-57.187
-75.29
137.31
-57.396
-122.28
280.86
-313.31
210.93
-66.304
0
-66.304
210.93
-313.31
280.86
-122.28
-57.396
137.31
-75.29
-57.187
128.65
-50.598
-149.4
343.2
-398.2
282.36
-95.781
-0.84209
-88.521
311.31
-493.65
467.35
-206.23
-134.84
320.42
-213.76
-93.49
307.67
-119.54
-562.35
1491.7
-2177.7
2155
-1272.3
-182.8
1612.7
-2422.5
2334.9
-1519.9
468.24
303.11
-530.94
306.48
44.102
-201.3
51.46
276.59
-539.55
566.31
-370.04
117.39
7.7431
61.071
-235.94
353.63
-303.56
107.42
104.93
-198.96
136.69
7.516e-11
-77.687
16.039
151.93
-308.18
342.47
-237.08
78.876
9.5015
34.741
-166.07
266.54
-238.31
81.03
106.04
-199.92
149.73
-18.011
-66.166
8.1156
175
-361.99
418.32
-302.27
103.53
20.218
34.569
-228.91
399.22
-376.63
122.9
222.67
-432.46
362.35
-83.122
-135.8
-2.7501e-10
584.63
-1391.3
1957
-1842.3
912.98
537.45
-1913.2
2627.4
-2416.2
1469.2
-301.78
-545.67
796.07
-543.26
132.49
89.455
13.917
-321.95
583.14
-609.29
399.41
-117.73
-42.259
2.3988e-11
165.35
-288.44
248.13
-55.13
-164.3
269.84
-213.12
68.984
27.716
12.087
-164.92
316.27
-351.16
242.91
-72.189
-36.895
13.37
106.16
-206.89
186.11
-34.42
-155.25
258.52
-216.31
82.195
17.611
17.31
-180.17
357.24
-412.85
296.2
-86.623
-61.705
38.4
130.75
-292.66
278.49
-38.796
-302.26
525
-478.77
214.8
20.072
55.665
-540.86
1230
-1689.2
1504.6
-556.26
-860.08
2155.7
-2756.1
2413.8
-1338.4
67.905
837.09
-1089.3
788.07
-299.89
1.0621e-11
-48.121
331.64
-590.17
617.33
-396.76
89.229
102.61
-83.869
-75.589
208.76
-183.85
-4.1538e-11
221.02
-333.68
279.27
-125.13
7.0031
-22.49
157.99
-303.11
338.67
-229.04
48.188
78.971
-73.673
-36.51
140.38
-130.77
-10.813
198.26
-306.57
268.95
-130
12.661
-22.583
163.26
-328.85
383.32
-267.31
49.869
118.88
-122.46
-26.062
184.25
-183.9
-34.951
362.9
-588.58
555.74
-297.48
39.66
-52.555
441.35
-1023.1
1393.4
-1162.8
223.1
1132
-2325.7
2800
-2325.7
1132
223.1
-1162.8
1393.4
-1023.1
441.35
-52.555
39.66
-297.48
555.74
-588.58
362.9
-34.951
-183.9
184.25
-26.062
-122.46
118.88
49.869
-267.31
383.32
-328.85
163.26
-22.583
12.661
-130
268.95
-306.57
198.26
-10.813
-130.77
140.38
-36.51
-73.673
78.971
48.188
-229.04
338.67
-303.11
157.99
-22.49
7.0031
-125.13
279.27
-333.68
221.02
1.2234e-10
-183.85
208.76
-75.589
-83.869
102.61
89.229
-396.76
617.33
-590.17
331.64
-48.121
-9.6431e-11
-299.89
788.07
-1089.3
837.09
67.905
-1338.4
2413.8
-2756.1
2155.7
-860.08
-556.26
1504.6
-1689.2
1230
-540.86
55.665
20.072
214.8
-478.77
525
-302.26
-38.796
278.49
-292.66
130.75
38.4
-61.705
-86.623
296.2
-412.85
357.24
-180.17
17.31
17.611
82.195
-216.31
258.52
-155.25
-34.42
186.11
-206.89
106.16
13.37
-36.895
-72.189
242.91
-351.16
316.27
-164.92
12.087
27.716
68.984
-213.12
269.84
-164.3
-55.13
248.13
-288.44
165.35
2.9445e-11
-42.259
-117.73
399.41
-609.29
583.14
-321.95
13.917
89.455
132.49
-543.26
796.07
-545.67
-301.78
1469.2
-2416.2
2627.4
-1913.2
537.45
912.98
-1842.3
1957
-1391.3
584.63
8.3958e-11
-135.8
-83.122
362.35
-432.46
222.67
122.9
-376.63
399.22
-228.91
34.569
20.218
103.53
-302.27
418.32
-361.99
175
8.1156
-66.166
-18.011
149.73
-199.92
106.04
81.03
-238.31
266.54
-166.07
34.741
9.5015
78.876
-237.08
342.47
-308.18
151.93
16.039
-77.687
-1.088e-10
136.69
-198.96
104.93
107.42
-303.56
353.63
-235.94
61.071
7.7431
117.39
-370.04
566.31
-539.55
276.59
51.46
-201.3
44.102
306.48
-530.94
303.11
468.24
-1519.9
2334.9
-2422.5
1612.7
-182.8
-1272.3
2155
-2177.7
1491.7
-562.35
-119.54
307.67
-93.49
-213.76
320.42
-134.84
-206.23
467.35
-493.65
311.31
-88.521
-0.84209
-95.781
282.36
-398.2
343.2
-149.4
-50.598
128.65
-57.187
-75.29
137.31
-57.396
-122.28
280.86
-313.31
210.93
-66.304
0
-66.304
210.93
-313.31
280.86
-122.28
-57.396
137.31
-75.29
-57.187
128.65
-50.598
-149.4
343.2
-398.2
282.36
-95.781
-0.84209
-88.521
311.31
-493.65
467.35
-206.23
-134.84
320.42
-213.76
-93.49
307.67
-119.54
-562.35
1491.7
-2177.7
2155
-1272.3
-182.8
1612.7
-2422.5
2334.9
-1519.9
468.24
303.11
-530.94
306.48
44.102
-201.3
51.46
276.59
-539.55
566.31
-370.04
117.39
7.7431
61.071
-235.94
353.63
-303.56
107.42
104.93
-198.96
136.69
2.4809e-10
-77.687
16.039
151.93
-308.18
342.47
-237.08
78.876
9.5015
34.741
-166.07
266.54
-238.31
81.03
106.04
-199.92
149.73
-18.011
-66.166
8.1156
175
-361.99
418.32
-302.27
103.53
20.218
34.569
-228.91
399.22
-376.63
122.9
222.67
-432.46
362.35
-83.122
-135.8
-2.7387e-10
584.63
-1391.3
1957
-1842.3
912.98
537.45
-1913.2
2627.4
-2416.2
1469.2
-301.78
-545.67
796.07
-543.26
132.49
89.455
13.917
-321.95
583.14
-609.29
399.41
-117.73
-42.259
-8.2991e-11
165.35
-288.44
248.13
-55.13
-164.3
269.84
-213.12
68.984
27.716
12.087
-164.92
316.27
-351.16
242.91
-72.189
-36.895
13.37
106.16
-206.89
186.11
-34.42
-155.25
258.52
-216.31
82.195
17.611
17.31
-180.17
357.24
-412.85
296.2
-86.623
-61.705
38.4
130.75
-292.66
278.49
-38.796
-302.26
525
-478.77
214.8
20.072
55.665
-540.86
1230
-1689.2
1504.6
-556.26
-860.08
2155.7
-2756.1
2413.8
-1338.4
67.905
837.09
-1089.3
788.07
-299.89
6.2849e-11
-48.121
331.64
-590.17
617.33
-396.76
89.229
102.61
-83.869
-75.589
208.76
-183.85
-2.7228e-11
221.02
-333.68
279.27
-125.13
7.0031
-22.49
157.99
-303.11
338.67
-229.04
48.188
78.971
-73.673
-36.51
140.38
-130.77
-10.813
198.26
-306.57
268.95
-130
12.661
-22.583
163.26
-328.85
383.32
-267.31
49.869
118.88
-122.46
-26.062
184.25
-183.9
-34.951
362.9
-588.58
555.74
-297.48
39.66
-52.555
441.35
-1023.1
1393.4
-1162.8
223.1
1132
-2325.7
2800
-2325.7
1132
223.1
-1162.8
1393.4
-1023.1
441.35
-52.555
39.66
-297.48
555.74
-588.58
362.9
-34.951
-183.9
184.25
-26.062
-122.46
118.88
49.869
-267.31
383.32
-328.85
163.26
-22.583
12.661
-130
268.95
-306.57
198.26
-10.813
-130.77
140.38
-36.51
-73.673
78.971
48.188
-229.04
338.67
-303.11
157.99
-22.49
7.0031
-125.13
279.27
-333.68
221.02
-4.3372e-11
-183.85
208.76
-75.589
-83.869
102.61
89.229
-396.76
617.33
-590.17
331.64
-48.121
-3.5824e-11
-299.89
788.07
-1089.3
837.09
67.905
-1338.4
2413.8
-2756.1
2155.7
-860.08
-556.26
1504.6
-1689.2
1230
-540.86
55.665
20.072
214.8
-478.77
525
-302.26
-38.796
278.49
-292.66
130.75
38.4
-61.705
-86.623
296.2
-412.85
357.24
-180.17
17.31
17.611
82.195
-216.31
258.52
-155.25
-34.42
186.11
-206.89
106.16
13.37
-36.895
-72.189
242.91
-351.16
316.27
-164.92
12.087
27.716
68.984
-213.12
269.84
-164.3
-55.13
248.13
-288.44
165.35
-1.8179e-10
-42.259
-117.73
399.41
-609.29
583.14
-321.95
13.917
89.455
132.49
-543.26
796.07
-545.67
-301.78
1469.2
-2416.2
2627.4
-1913.2
537.45
912.98
-1842.3
1957
-1391.3
584.63
4.2098e-10
-135.8
-83.122
362.35
-432.46
222.67
122.9
-376.63
399.22
-228.91
34.569
20.218
103.53
-302.27
418.32
-361.99
175
8.1156
-66.166
-18.011
149.73
-199.92
106.04
81.03
-238.31
266.54
-166.07
34.741
9.5015
78.876
-237.08
342.47
-308.18
151.93
16.039
-77.687
-2.1582e-10
136.69
-198.96
104.93
107.42
-303.56
353.63
-235.94
61.071
7.7431
117.39
-370.04
566.31
-539.55
276.59
51.46
-201.3
44.102
306.48
-530.94
303.11
468.24
-1519.9
2334.9
-2422.5
1612.7
-182.8
-1272.3
2155
-2177.7
1491.7
-562.35
-119.54
307.67
-93.49
-213.76
320.42
-134.84
-206.23
467.35
-493.65
311.31
-88.521
-0.84209
-95.781
282.36
-398.2
343.2
-149.4
-50.598
128.65
-57.187
-75.29
137.31
-57.396
-122.28
280.86
-313.31
210.93
-66.304
0
-66.304
210.93
-313.31
280.86
-122.28
-57.396
137.31
-75.29
-57.187
128.65
-50.598
-149.4
343.2
-398.2
282.36
-95.781
-0.84209
-88.521
311.31
-493.65
467.35
-206.23
-134.84
320.42
-213.76
-93.49
307.67
-119.54
-562.35
1491.7
-2177.7
2155
-1272.3
-182.8
1612.7
-2422.5
2334.9
-1519.9
468.24
303.11
-530.94
306.48
44.102
-201.3
51.46
276.59
-539.55
566.31
-370.04
117.39
7.7431
61.071
-235.94
353.63
-303.56
107.42
104.93
-198.96
136.69
2.4261e-10
-77.687
16.039
151.93
-308.18
342.47
-237.08
78.876
9.5015
34.741
-166.07
266.54
-238.31
81.03
106.04
-199.92
149.73
-18.011
-66.166
8.1156
175
-361.99
418.32
-302.27
103.53
20.218
34.569
-228.91
399.22
-376.63
122.9
222.67
-432.46
362.35
-83.122
-135.8
-1.9287e-10
584.63
-1391.3
1957
-1842.3
912.98
537.45
-1913.2
2627.4
-2416.2
1469.2
-301.78
-545.67
796.07
-543.26
132.49
89.455
13.917
-321.95
583.14
-609.29
399.41
-117.73
-42.259
-1.9008e-10
165.35
-288.44
248.13
-55.13
-164.3
269.84
-213.12
68.984
27.716
12.087
-164.92
316.27
-351.16
242.91
-72.189
-36.895
13.37
106.16
-206.89
186.11
-34.42
-155.25
258.52
-216.31
82.195
17.611
17.31
-180.17
357.24
-412.85
296.2
-86.623
-61.705
38.4
130.75
-292.66
278.49
-38.796
-302.26
525
-478.77
214.8
20.072
55.665
-540.86
1230
-1689.2
1504.6
-556.26
-860.08
2155.7
-2756.1
2413.8
-1338.4
67.905
837.09
-1089.3
788.07
-299.89
-4.4341e-11
-48.121
331.64
-590.17
617.33
-396.76
89.229
102.61
-83.869
-75.589
208.76
-183.85
-7.2551e-10
221.02
-333.68
279.27
-125.13
7.0031
-22.49
157.99
-303.11
338.67
-229.04
48.188
78.971
-73.673
-36.51
140.38
-130.77
-10.813
198.26
-306.57
268.95
-130
12.661
-22.583
163.26
-328.85
383.32
-267.31
49.869
118.88
-122.46
-26.062
184.25
-183.9
-34.951
362.9
-588.58
555.74
-297.48
39.66
-52.555
441.35
-1023.1
1393.4
-1162.8
223.1
1132
-2325.7
2800
-2325.7
1132
223.1
-1162.8
1393.4
-1023.1
441.35
-52.555
39.66
-297.48
555.74
-588.58
362.9
-34.951
-183.9
184.25
-26.062
-122.46
118.88
49.869
-267.31
383.32
-328.85
163.26
-22.583
12.661
-130
268.95
-306.57
198.26
-10.813
-130.77
140.38
-36.51
-73.673
78.971
48.188
-229.04
338.67
-303.11
157.99
-22.49
7.0031
-125.13
279.27
-333.68
221.02
3.5222e-10
-183.85
208.76
-75.589
-83.869
102.61
89.229
-396.76
617.33
-590.17
331.64
-48.121
7.0939e-11
-299.89
788.07
-1089.3
837.09
67.905
-1338.4
2413.8
-2756.1
2155.7
-860.08
-556.26
1504.6
-1689.2
1230
-540.86
55.665
20.072
214.8
-478.77
525
-302.26
-38.796
278.49
-292.66
130.75
38.4
-61.705
-86.623
296.2
-412.85
357.24
-180.17
17.31
17.611
82.195
-216.31
258.52
-155.25
-34.42
186.11
-206.89
106.16
13.37
-36.895
-72.189
242.91
-351.16
316.27
-164.92
12.087
27.716
68.984
-213.12
269.84
-164.3
-55.13
248.13
-288.44
165.35
-7.4749e-11
-42.259
-117.73
399.41
-609.29
583.14
-321.95
13.917
89.455
132.49
-543.26
796.07
-545.67
-301.78
1469.2
-2416.2
2627.4
-1913.2
537.45
912.98
-1842.3
1957
-1391.3
584.63
6.4279e-10
-135.8
-83.122
362.35
-432.46
222.67
122.9
-376.63
399.22
-228.91
34.569
20.218
103.53
-302.27
418.32
-361.99
175
8.1156
-66.166
-18.011
149.73
-199.92
106.04
81.03
-238.31
266.54
-166.07
34.741
9.5015
78.876
-237.08
342.47
-308.18
151.93
16.039
-77.687
-9.7737e-11
136.69
-198.96
104.93
107.42
-303.56
353.63
-235.94
61.071
7.7431
117.39
-370.04
566.31
-539.55
276.59
51.46
-201.3
44.102
306.48
-530.94
303.11
468.24
-1519.9
2334.9
-2422.5
1612.7
-182.8
-1272.3
2155
-2177.7
1491.7
-562.35
-119.54
307.67
-93.49
-213.76
320.42
-134.84
-206.23
467.35
-493.65
311.31
-88.521
-0.84209
-95.781
282.36
-398.2
343.2
-149.4
-50.598
128.65
-57.187
-75.29
137.31
-57.396
-122.28
280.86
-313.31
210.93
-66.304
0
-66.304
210.93
-313.31
280.86
-122.28
-57.396
137.31
-75.29
-57.187
128.65
-50.598
-149.4
343.2
-398.2
282.36
-95.781
-0.84209
-88.521
311.31
-493.65
467.35
-206.23
-134.84
320.42
-213.76
-93.49
307.67
-119.54
-562.35
1491.7
-2177.7
2155
-1272.3
-182.8
1612.7
-2422.5
2334.9
-1519.9
468.24
303.11
-530.94
306.48
44.102
-201.3
51.46
276.59
-539.55
566.31
-370.04
117.39
7.7431
61.071
-235.94
353.63
-303.56
107.42
104.93
-198.96
136.69
5.7473e-10
-77.687
16.039
151.93
-308.18
342.47
-237.08
78.876
9.5015
34.741
-166.07
266.54
-238.31
81.03
106.04
-199.92
149.73
-18.011
-66.166
8.1156
175
-361.99
418.32
-302.27
103.53
20.218
34.569
-228.91
399.22
-376.63
122.9
222.67
-432.46
362.35
-83.122
-135.8
-5.3024e-10
584.63
-1391.3
1957
-1842.3
912.98
537.45
-1913.2
2627.4
-2416.2
1469.2
-301.78
-545.67
796.07
-543.26
132.49
89.455
13.917
-321.95
583.14
-609.29
399.41
-117.73
-42.259
-2.9706e-10
165.35
-288.44
248.13
-55.13
-164.3
269.84
-213.12
68.984
27.716
12.087
-164.92
316.27
-351.16
242.91
-72.189
-36.895
13.37
106.16
-206.89
186.11
-34.42
-155.25
258.52
-216.31
82.195
17.611
17.31
-180.17
357.24
-412.85
296.2
-86.623
-61.705
38.4
130.75
-292.66
278.49
-38.796
-302.26
525
-478.77
214.8
20.072
55.665
-540.86
1230
-1689.2
1504.6
-556.26
-860.08
2155.7
-2756.1
2413.8
-1338.4
67.905
837.09
-1089.3
788.07
-299.89
3.9212e-10
-48.121
331.64
-590.17
617.33
-396.76
89.229
102.61
-83.869
-75.589
208.76
-183.85
-5.5979e-10
221.02
-333.68
279.27
-125.13
7.0031
-22.49
157.99
-303.11
338.67
-229.04
48.188
78.971
-73.673
-36.51
140.38
-130.77
-10.813
198.26
-306.57
268.95
-130
12.661
-22.583
163.26
-328.85
383.32
-267.31
49.869
118.88
-122.46
-26.062
184.25
-183.9
-34.951
362.9
-588.58
555.74
-297.48
39.66
-52.555
441.35
-1023.1
1393.4
-1162.8
223.1
1132
-2325.7
2800
-2325.7
1132
223.1
-1162.8
1393.4
-1023.1
441.35
-52.555
39.66
-297.48
555.74
-588.58
362.9
-34.951
-183.9
184.25
-26.062
-122.46
118.88
49.869
-267.31
383.32
-328.85
163.26
-22.583
12.661
-130
268.95
-306.57
198.26
-10.813
-130.77
140.38
-36.51
-73.673
78.971
48.188
-229.04
338.67
-303.11
157.99
-22.49
7.0031
-125.13
279.27
-333.68
221.02
-2.3195e-10
-183.85
208.76
-75.589
-83.869
102.61
89.229
-396.76
617.33
-590.17
331.64
-48.121
-3.6544e-10
-299.89
788.07
-1089.3
837.09
67.905
-1338.4
2413.8
-2756.1
2155.7
-860.08
-556.26
1504.6
-1689.2
1230
-540.86
55.665
20.072
214.8
-478.77
525
-302.26
-38.796
278.49
-292.66
130.75
38.4
-61.705
-86.623
296.2
-412.85
357.24
-180.17
17.31
17.611
82.195
-216.31
258.52
-155.25
-34.42
186.11
-206.89
106.16
13.37
-36.895
-72.189
242.91
-351.16
316.27
-164.92
12.087
27.716
68.984
-213.12
269.84
-164.3
-55.13
248.13
-288.44
165.35
-2.8609e-10
-42.259
-117.73
399.41
-609.29
583.14
-321.95
13.917
89.455
132.49
-543.26
796.07
-545.67
-301.78
1469.2
-2416.2
2627.4
-1913.2
537.45
912.98
-1842.3
1957
-1391.3
584.63
1.8775e-10
-135.8
-83.122
362.35
-432.46
222.67
122.9
-376.63
399.22
-228.91
34.569
20.218
103.53
-302.27
418.32
-361.99
175
8.1156
-66.166
-18.011
149.73
-199.92
106.04
81.03
-238.31
266.54
-166.07
34.741
9.5015
78.876
-237.08
342.47
-308.18
151.93
16.039
-77.687
-2.0481e-10
136.69
-198.96
104.93
107.42
-303.56
353.63
-235.94
61.071
7.7431
117.39
-370.04
566.31
-539.55
276.59
51.46
-201.3
44.102
306.48
-530.94
303.11
468.24
-1519.9
2334.9
-2422.5
1612.7
-182.8
-1272.3
2155
-2177.7
1491.7
-562.35
-119.54
307.67
-93.49
-213.76
320.42
-134.84
-206.23
467.35
-493.65
311.31
-88.521
-0.84209
-95.781
282.36
-398.2
343.2
-149.4
-50.598
128.65
-57.187
-75.29
137.31
-57.396
-122.28
280.86
-313.31
210.93
-66.304
0
-66.304
210.93
-313.31
280.86
-122.28
-57.396
137.31
-75.29
-57.187
128.65
-50.598
-149.4
343.2
-398.2
282.36
-95.781
-0.84209
-88.521
311.31
-493.65
467.35
-206.23
-134.84
320.42
-213.76
-93.49
307.67
-119.54
-562.35
1491.7
-2177.7
2155
-1272.3
-182.8
1612.7
-2422.5
2334.9
-1519.9
468.24
303.11
-530.94
306.48
44.102
-201.3
51.46
276.59
-539.55
566.31
-370.04
117.39
7.7431
61.071
-235.94
353.63
-303.56
107.42
104.93
-198.96
136.69
2.3153e-10
-77.687
16.039
151.93
-308.18
342.47
-237.08
78.876
9.5015
34.741
-166.07
266.54
-238.31
81.03
106.04
-199.92
149.73
-18.011
-66.166
8.1156
175
-361.99
418.32
-302.27
103.53
20.218
34.569
-228.91
399.22
-376.63
122.9
222.67
-432.46
362.35
-83.122
-135.8
7.1793e-10
584.63
-1391.3
1957
-1842.3
912.98
537.45
-1913.2
2627.4
-2416.2
1469.2
-301.78
-545.67
796.07
-543.26
132.49
89.455
13.917
-321.95
583.14
-609.29
399.41
-117.73
-42.259
2.3255e-10
165.35
-288.44
248.13
-55.13
-164.3
269.84
-213.12
68.984
27.716
12.087
-164.92
316.27
-351.16
242.91
-72.189
-36.895
13.37
106.16
-206.89
186.11
-34.42
-155.25
258.52
-216.31
82.195
17.611
17.31
-180.17
357.24
-412.85
296.2
-86.623
-61.705
38.4
130.75
-292.66
278.49
-38.796
-302.26
525
-478.77
214.8
20.072
55.665
-540.86
1230
-1689.2
1504.6
-556.26
-860.08
2155.7
-2756.1
2413.8
-1338.4
67.905
837.09
-1089.3
788.07
-299.89
5.1012e-10
-48.121
331.64
-590.17
617.33
-396.76
89.229
102.61
-83.869
-75.589
208.76
-183.85
-4.655e-10
221.02
-333.68
279.27
-125.13
7.0031
-22.49
157.99
-303.11
338.67
-229.04
48.188
78.971
-73.673
-36.51
140.38
-130.77
-10.813
198.26
-306.57
268.95
-130
12.661
-22.583
163.26
-328.85
383.32
-267.31
49.869
118.88
-122.46
-26.062
184.25
-183.9
-34.951
362.9
-588.58
555.74
-297.48
39.66
-52.555
441.35
-1023.1
1393.4
-1162.8
223.1
1132
-2325.7
2800
-2325.7
1132
223.1
-1162.8
1393.4
-1023.1
441.35
-52.555
39.66
-297.48
555.74
-588.58
362.9
-34.951
-183.9
184.25
-26.062
-122.46
118.88
49.869
-267.31
383.32
-328.85
163.26
-22.583
12.661
-130
268.95
-306.57
198.26
-10.813
-130.77
140.38
-36.51
-73.673
78.971
48.188
-229.04
338.67
-303.11
157.99
-22.49
7.0031
-125.13
279.27
-333.68
221.02
2.7926e-10
-183.85
208.76
-75.589
-83.869
102.61
89.229
-396.76
617.33
-590.17
331.64
-48.121
-5.768e-10
-299.89
788.07
-1089.3
837.09
67.905
-1338.4
2413.8
-2756.1
2155.7
-860.08
-556.26
1504.6
-1689.2
1230
-540.86
55.665
20.072
214.8
-478.77
525
-302.26
-38.796
278.49
-292.66
130.75
38.4
-61.705
-86.623
296.2
-412.85
357.24
-180.17
17.31
17.611
82.195
-216.31
258.52
-155.25
-34.42
186.11
-206.89
106.16
13.37
-36.895
-72.189
242.91
-351.16
316.27
-164.92
12.087
27.716
68.984
-213.12
269.84
-164.3
-55.13
248.13
-288.44
165.35
-4.9738e-10
-42.259
-117.73
399.41
-609.29
583.14
-321.95
13.917
89.455
132.49
-543.26
796.07
-545.67
-301.78
1469.2
-2416.2
2627.4
-1913.2
537.45
912.98
-1842.3
1957
-1391.3
584.63
5.2484e-10
-135.8
-83.122
362.35
-432.46
222.67
122.9
-376.63
399.22
-228.91
34.569
20.218
103.53
-302.27
418.32
-361.99
175
8.1156
-66.166
-18.011
149.73
-199.92
106.04
81.03
-238.31
266.54
-166.07
34.741
9.5015
78.876
-237.08
342.47
-308.18
151.93
16.039
-77.687
-2.1855e-10
136.69
-198.96
104.93
107.42
-303.56
353.63
-235.94
61.071
7.7431
117.39
-370.04
566.31
-539.55
276.59
51.46
-201.3
44.102
306.48
-530.94
303.11
468.24
-1519.9
2334.9
-2422.5
1612.7
-182.8
-1272.3
2155
-2177.7
1491.7
-562.35
-119.54
307.67
-93.49
-213.76
320.42
-134.84
-206.23
467.35
-493.65
311.31
-88.521
-0.84209
-95.781
282.36
-398.2
343.2
-149.4
-50.598
128.65
-57.187
-75.29
137.31
-57.396
-122.28
280.86
-313.31
210.93
-66.304
0
-66.304
210.93
-313.31
280.86
-122.28
-57.396
137.31
-75.29
-57.187
128.65
-50.598
-149.4
343.2
-398.2
282.36
-95.781
-0.84209
-88.521
311.31
-493.65
467.35
-206.23
-134.84
320.42
-213.76
-93.49
307.67
-119.54
-562.35
1491.7
-2177.7
2155
-1272.3
-182.8
1612.7
-2422.5
2334.9
-1519.9
468.24
303.11
-530.94
306.48
44.102
-201.3
51.46
276.59
-539.55
566.31
-370.04
117.39
7.7431
61.071
-235.94
353.63
-303.56
107.42
104.93
-198.96
136.69
1.521e-10
-77.687
16.039
151.93
-308.18
342.47
-237.08
78.876
9.5015
34.741
-166.07
266.54
-238.31
81.03
106.04
-199.92
149.73
-18.011
-66.166
8.1156
175
-361.99
418.32
-302.27
103.53
20.218
34.569
-228.91
399.22
-376.63
122.9
222.67
-432.46
362.35
-83.122
-135.8
-2.965e-10
584.63
-1391.3
1957
-1842.3
912.98
537.45
-1913.2
2627.4
-2416.2
1469.2
-301.78
-545.67
796.07
-543.26
132.49
89.455
13.917
-321.95
583.14
-609.29
399.41
-117.73
-42.259
-5.1108e-10
165.35
-288.44
248.13
-55.13
-164.3
269.84
-213.12
68.984
27.716
12.087
-164.92
316.27
-351.16
242.91
-72.189
-36.895
13.37
106.16
-206.89
186.11
-34.42
-155.25
258.52
-216.31
82.195
17.611
17.31
-180.17
357.24
-412.85
296.2
-86.623
-61.705
38.4
130.75
-292.66
278.49
-38.796
-302.26
525
-478.77
214.8
20.072
55.665
-540.86
1230
-1689.2
1504.6
-556.26
-860.08
2155.7
-2756.1
2413.8
-1338.4
67.905
837.09
-1089.3
788.07
-299.89
1.0399e-09
-48.121
331.64
-590.17
617.33
-396.76
89.229
102.61
-83.869
-75.589
208.76
-183.85
-1.0482e-09
221.02
-333.68
279.27
-125.13
7.0031
-22.49
157.99
-303.11
338.67
-229.04
48.188
78.971
-73.673
-36.51
140.38
-130.77
-10.813
198.26
-306.57
268.95
-130
12.661
-22.583
163.26
-328.85
383.32
-267.31
49.869
118.88
-122.46
-26.062
184.25
-183.9
-34.951
362.9
-588.58
555.74
-297.48
39.66
-52.555
441.35
-1023.1
1393.4
-1162.8
223.1
1132
-2325.7
2800
-2325.7
1132
223.1
-1162.8
1393.4
-1023.1
441.35
-52.555
39.66
-297.48
555.74
-588.58
362.9
-34.951
-183.9
184.25
-26.062
-122.46
118.88
49.869
-267.31
383.32
-328.85
163.26
-22.583
12.661
-130
268.95
-306.57
198.26
-10.813
-130.77
140.38
-36.51
-73.673
78.971
48.188
-229.04
338.67
-303.11
157.99
-22.49
7.0031
-125.13
279.27
-333.68
221.02
7.9052e-10
-183.85
208.76
-75.589
-83.869
102.61
89.229
-396.76
617.33
-590.17
331.64
-48.121
-1.145e-09
-299.89
788.07
-1089.3
837.09
67.905
-1338.4
2413.8
-2756.1
2155.7
-860.08
-556.26
1504.6
-1689.2
1230
-540.86
55.665
20.072
214.8
-478.77
525
-302.26
-38.796
278.49
-292.66
130.75
38.4
-61.705
-86.623
296.2
-412.85
357.24
-180.17
17.31
17.611
82.195
-216.31
258.52
-155.25
-34.42
186.11
-206.89
106.16
13.37
-36.895
-72.189
242.91
-351.16
316.27
-164.92
12.087
27.716
68.984
-213.12
269.84
-164.3
-55.13
248.13
-288.44
165.35
5.6457e-10
-42.259
-117.73
399.41
-609.29
583.14
-321.95
13.917
89.455
132.49
-543.26
796.07
-545.67
-301.78
1469.2
-2416.2
2627.4
-1913.2
537.45
912.98
-1842.3
1957
-1391.3
584.63
1.2364e-09
-135.8
-83.122
362.35
-432.46
222.67
122.9
-376.63
399.22
-228.91
34.569
20.218
103.53
-302.27
418.32
-361.99
175
8.1156
-66.166
-18.011
149.73
-199.92
106.04
81.03
-238.31
266.54
-166.07
34.741
9.5015
78.876
-237.08
342.47
-308.18
151.93
16.039
-77.687
5.3609e-10
136.69
-198.96
104.93
107.42
-303.56
353.63
-235.94
61.071
7.7431
117.39
-370.04
566.31
-539.55
276.59
51.46
-201.3
44.102
306.48
-530.94
303.11
468.24
-1519.9
2334.9
-2422.5
1612.7
-182.8
-1272.3
2155
-2177.7
1491.7
-562.35
-119.54
307.67
-93.49
-213.76
320.42
-134.84
-206.23
467.35
-493.65
311.31
-88.521
-0.84209
-95.781
282.36
-398.2
343.2
-149.4
-50.598
128.65
-57.187
-75.29
137.31
-57.396
-122.28
280.86
-313.31
210.93
-66.304
0
-66.304
210.93
-313.31
280.86
-122.28
-57.396
137.31
-75.29
-57.187
128.65
-50.598
-149.4
343.2
-398.2
282.36
-95.781
-0.84209
-88.521
311.31
-493.65
467.35
-206.23
-134.84
320.42
-213.76
-93.49
307.67
-119.54
-562.35
1491.7
-2177.7
2155
-1272.3
-182.8
1612.7
-2422.5
2334.9
-1519.9
468.24
303.11
-530.94
306.48
44.102
-201.3
51.46
276.59
-539.55
566.31
-370.04
117.39
7.7431
61.071
-235.94
353.63
-303.56
107.42
104.93
-198.96
136.69
-1.9108e-10
-77.687
16.039
151.93
-308.18
342.47
-237.08
78.876
9.5015
34.741
-166.07
266.54
-238.31
81.03
106.04
-199.92
149.73
-18.011
-66.166
8.1156
175
-361.99
418.32
-302.27
103.53
20.218
34.569
-228.91
399.22
-376.63
122.9
222.67
-432.46
362.35
-83.122
-135.8
-2.5949e-10
584.63
-1391.3
1957
-1842.3
912.98
537.45
-1913.2
2627.4
-2416.2
1469.2
-301.78
-545.67
796.07
-543.26
132.49
89.455
13.917
-321.95
583.14
-609.29
399.41
-117.73
-42.259
1.8474e-11
165.35
-288.44
248.13
-55.13
-164.3
269.84
-213.12
68.984
27.716
12.087
-164.92
316.27
-351.16
242.91
-72.189
-36.895
13.37
106.16
-206.89
186.11
-34.42
-155.25
258.52
-216.31
82.195
17.611
17.31
-180.17
357.24
-412.85
296.2
-86.623
-61.705
38.4
130.75
-292.66
278.49
-38.796
-302.26
525
-478.77
214.8
20.072
55.665
-540.86
1230
-1689.2
1504.6
-556.26
-860.08
2155.7
-2756.1
2413.8
-1338.4
67.905
837.09
-1089.3
788.07
-299.89
9.3284e-10
-48.121
331.64
-590.17
617.33
-396.76
89.229
102.61
-83.869
-75.589
208.76
-183.85
-5.0814e-10
221.02
-333.68
279.27
-125.13
7.0031
-22.49
157.99
-303.11
338.67
-229.04
48.188
78.971
-73.673
-36.51
140.38
-130.77
-10.813
198.26
-306.57
268.95
-130
12.661
-22.583
163.26
-328.85
383.32
-267.31
49.869
118.88
-122.46
-26.062
184.25
-183.9
-34.951
362.9
-588.58
555.74
-297.48
39.66
-52.555
441.35
-1023.1
1393.4
-1162.8
223.1
1132
-2325.7
2800
-2325.7
1132
223.1
-1162.8
1393.4
-1023.1
441.35
-52.555
39.66
-297.48
555.74
-588.58
362.9
-34.951
-183.9
184.25
-26.062
-122.46
118.88
49.869
-267.31
383.32
-328.85
163.26
-22.583
12.661
-130
268.95
-306.57
198.26
-10.813
-130.77
140.38
-36.51
-73.673
78.971
48.188
-229.04
338.67
-303.11
157.99
-22.49
7.0031
-125.13
279.27
-333.68
221.02
-3.5492e-10
-183.85
208.76
-75.589
-83.869
102.61
89.229
-396.76
617.33
-590.17
331.64
-48.121
-1.3743e-10
-299.89
788.07
-1089.3
837.09
67.905
-1338.4
2413.8
-2756.1
2155.7
-860.08
-556.26
1504.6
-1689.2
1230
-540.86
55.665
20.072
214.8
-478.77
525
-302.26
-38.796
278.49
-292.66
130.75
38.4
-61.705
-86.623
296.2
-412.85
357.24
-180.17
17.31
17.611
82.195
-216.31
258.52
-155.25
-34.42
186.11
-206.89
106.16
13.37
-36.895
-72.189
242.91
-351.16
316.27
-164.92
12.087
27.716
68.984
-213.12
269.84
-164.3
-55.13
248.13
-288.44
165.35
-6.0169e-10
-42.259
-117.73
399.41
-609.29
583.14
-321.95
13.917
89.455
132.49
-543.26
796.07
-545.67
-301.78
1469.2
-2416.2
2627.4
-1913.2
537.45
912.98
-1842.3
1957
-1391.3
584.63
5.939e-10
-135.8
-83.122
362.35
-432.46
222.67
122.9
-376.63
399.22
-228.91
34.569
20.218
103.53
-302.27
418.32
-361.99
175
8.1156
-66.166
-18.011
149.73
-199.92
106.04
81.03
-238.31
266.54
-166.07
34.741
9.5015
78.876
-237.08
342.47
-308.18
151.93
16.039
-77.687
-6.5778e-10
136.69
-198.96
104.93
107.42
-303.56
353.63
-235.94
61.071
7.7431
117.39
-370.04
566.31
-539.55
276.59
51.46
-201.3
44.102
306.48
-530.94
303.11
468.24
-1519.9
2334.9
-2422.5
1612.7
-182.8
-1272.3
2155
-2177.7
1491.7
-562.35
-119.54
307.67
-93.49
-213.76
320.42
-134.84
-206.23
467.35
-493.65
311.31
-88.521
-0.84209
-95.781
282.36
-398.2
343.2
-149.4
-50.598
128.65
-57.187
-75.29
137.31
-57.396
-122.28
280.86
-313.31
210.93
-66.304
0
-66.304
210.93
-313.31
280.86
-122.28
-57.396
137.31
-75.29
-57.187
128.65
-50.598
-149.4
343.2
-398.2
282.36
-95.781
-0.84209
-88.521
311.31
-493.65
467.35
-206.23
-134.84
320.42
-213.76
-93.49
307.67
-119.54
-562.35
1491.7
-2177.7
2155
-1272.3
-182.8
1612.7
-2422.5
2334.9
-1519.9
468.24
303.11
-530.94
306.48
44.102
-201.3
51.46
276.59
-539.55
566.31
-370.04
117.39
7.7431
61.071
-235.94
353.63
-303.56
107.42
104.93
-198.96
136.69
3.6616e-10
-77.687
16.039
151.93
-308.18
342.47
-237.08
78.876
9.5015
34.741
-166.07
266.54
-238.31
81.03
106.04
-199.92
149.73
-18.011
-66.166
8.1156
175
-361.99
418.32
-302.27
103.53
20.218
34.569
-228.91
399.22
-376.63
122.9
222.67
-432.46
362.35
-83.122
-135.8
-1.2022e-09
584.63
-1391.3
1957
-1842.3
912.98
537.45
-1913.2
2627.4
-2416.2
1469.2
-301.78
-545.67
796.07
-543.26
132.49
89.455
13.917
-321.95
583.14
-609.29
399.41
-117.73
-42.259
-8.8562e-11
165.35
-288.44
248.13
-55.13
-164.3
269.84
-213.12
68.984
27.716
12.087
-164.92
316.27
-351.16
242.91
-72.189
-36.895
13.37
106.16
-206.89
186.11
-34.42
-155.25
258.52
-216.31
82.195
17.611
17.31
-180.17
357.24
-412.85
296.2
-86.623
-61.705
38.4
130.75
-292.66
278.49
-38.796
-302.26
525
-478.77
214.8
20.072
55.665
-540.86
1230
-1689.2
1504.6
-556.26
-860.08
2155.7
-2756.1
2413.8
-1338.4
67.905
837.09
-1089.3
788.07
-299.89
3.755e-10
-48.121
331.64
-590.17
617.33
-396.76
89.229
102.61
-83.869
-75.589
208.76
-183.85
-4.8541e-10
221.02
-333.68
279.27
-125.13
7.0031
-22.49
157.99
-303.11
338.67
-229.04
48.188
78.971
-73.673
-36.51
140.38
-130.77
-10.813
198.26
-306.57
268.95
-130
12.661
-22.583
163.26
-328.85
383.32
-267.31
49.869
118.88
-122.46
-26.062
184.25
-183.9
-34.951
362.9
-588.58
555.74
-297.48
39.66
-52.555
441.35
-1023.1
1393.4
-1162.8
223.1
1132
-2325.7
