2400
-1993.5
970.31
191.22
-996.67
1194.3
-876.96
378.3
-45.047
33.994
-254.98
476.35
-504.5
311.06
-29.958
-157.63
157.93
-22.339
-104.97
101.9
42.745
-229.13
328.56
-281.88
139.94
-19.357
10.852
-111.43
230.53
-262.78
169.94
-9.2686
-112.09
120.32
-31.294
-63.148
67.689
41.304
-196.32
290.29
-259.81
135.42
-19.277
6.0027
-107.25
239.38
-286.01
189.45
7.9154e-12
-157.59
178.94
-64.79
-71.888
87.949
76.482
-340.08
529.14
-505.86
284.26
-41.246
-3.0267e-12
-257.05
675.48
-933.65
717.51
58.205
-1147.2
2069
-2362.4
1847.7
-737.21
-476.8
1289.7
-1447.9
1054.3
-463.6
47.713
17.205
184.11
-410.37
450
-259.08
-33.254
238.71
-250.85
112.07
32.914
-52.89
-74.249
253.88
-353.87
306.2
-154.43
14.837
15.095
70.452
-185.41
221.59
-133.07
-29.503
159.53
-177.34
90.994
11.46
-31.625
-61.877
208.21
-300.99
271.09
-141.36
10.36
23.757
59.129
-182.68
231.29
-140.83
-47.254
212.68
-247.24
141.73
5.9117e-12
-36.222
-100.91
342.35
-522.25
499.84
-275.96
11.929
76.676
113.56
-465.65
682.34
-467.72
-258.67
1259.3
-2071
2252.1
-1639.9
460.67
782.56
-1579.1
1677.4
-1192.5
501.11
-8.2423e-13
-116.4
-71.248
310.58
-370.68
190.86
105.35
-322.82
342.19
-196.21
29.631
17.329
88.743
-259.09
358.56
-310.28
150
6.9562
-56.714
-15.438
128.34
-171.36
90.892
69.454
-204.26
228.47
-142.34
29.778
8.1442
67.608
-203.21
293.54
-264.16
130.22
13.747
-66.589
-1.2378e-11
117.16
-170.54
89.939
92.075
-260.19
303.12
-202.24
52.346
6.6369
100.62
-317.17
485.41
-462.47
237.08
44.108
-172.54
37.802
262.7
-455.09
259.81
401.35
-1302.8
2001.4
-2076.4
1382.3
-156.69
-1090.6
1847.1
-1866.6
1278.6
-482.01
-102.46
263.72
-80.134
-183.22
274.65
-115.58
-176.77
400.58
-423.13
266.84
-75.875
-0.72179
-82.098
242.02
-341.31
294.17
-128.06
-43.37
110.27
-49.018
-64.535
117.69
-49.196
-104.81
240.73
-268.55
180.8
-56.832
0
-56.832
180.8
-268.55
240.73
-104.81
-49.196
117.69
-64.535
-49.018
110.27
-43.37
-128.06
294.17
-341.31
242.02
-82.098
-0.72179
-75.875
266.84
-423.13
400.58
-176.77
-115.58
274.65
-183.22
-80.134
263.72
-102.46
-482.01
1278.6
-1866.6
1847.1
-1090.6
-156.69
1382.3
-2076.4
2001.4
-1302.8
401.35
259.81
-455.09
262.7
37.802
-172.54
44.108
237.08
-462.47
485.41
-317.17
100.62
6.6369
52.346
-202.24
303.12
-260.19
92.075
89.939
-170.54
117.16
-1.087e-11
-66.589
13.747
130.22
-264.16
293.54
-203.21
67.608
8.1442
29.778
-142.34
228.47
-204.26
69.454
90.892
-171.36
128.34
-15.438
-56.714
6.9562
150
-310.28
358.56
-259.09
88.743
17.329
29.631
-196.21
342.19
-322.82
105.35
190.86
-370.68
310.58
-71.248
-116.4
-1.4239e-11
501.11
-1192.5
1677.4
-1579.1
782.56
460.67
-1639.9
2252.1
-2071
1259.3
-258.67
-467.72
682.34
-465.65
113.56
76.676
11.929
-275.96
499.84
-522.25
342.35
-100.91
-36.222
-3.4731e-11
141.73
-247.24
212.68
-47.254
-140.83
231.29
-182.68
59.129
23.757
10.36
-141.36
271.09
-300.99
208.21
-61.877
-31.625
11.46
90.994
-177.34
159.53
-29.503
-133.07
221.59
-185.41
70.452
15.095
14.837
-154.43
306.2
-353.87
253.88
-74.249
-52.89
32.914
112.07
-250.85
238.71
-33.254
-259.08
450
-410.37
184.11
17.205
47.713
-463.6
1054.3
-1447.9
1289.7
-476.8
-737.21
1847.7
-2362.4
2069
-1147.2
58.205
717.51
-933.65
675.48
-257.05
1.1978e-11
-41.246
284.26
-505.86
529.14
-340.08
76.482
87.949
-71.888
-64.79
178.94
-157.59
-8.0945e-11
189.45
-286.01
239.38
-107.25
6.0027
-19.277
135.42
-259.81
290.29
-196.32
41.304
67.689
-63.148
-31.294
120.32
-112.09
-9.2686
169.94
-262.78
230.53
-111.43
10.852
-19.357
139.94
-281.88
328.56
-229.13
42.745
101.9
-104.97
-22.339
157.93
-157.63
-29.958
311.06
-504.5
476.35
-254.98
33.994
-45.047
378.3
-876.96
1194.3
-996.67
191.22
970.31
-1993.5
2400
-1993.5
970.31
191.22
-996.67
1194.3
-876.96
378.3
-45.047
33.994
-254.98
476.35
-504.5
311.06
-29.958
-157.63
157.93
-22.339
-104.97
101.9
42.745
-229.13
328.56
-281.88
139.94
-19.357
10.852
-111.43
230.53
-262.78
169.94
-9.2686
-112.09
120.32
-31.294
-63.148
67.689
41.304
-196.32
290.29
-259.81
135.42
-19.277
6.0027
-107.25
239.38
-286.01
189.45
6.8226e-11
-157.59
178.94
-64.79
-71.888
87.949
76.482
-340.08
529.14
-505.86
284.26
-41.246
-1.3314e-11
-257.05
675.48
-933.65
717.51
58.205
-1147.2
2069
-2362.4
1847.7
-737.21
-476.8
1289.7
-1447.9
1054.3
-463.6
47.713
17.205
184.11
-410.37
450
-259.08
-33.254
238.71
-250.85
112.07
32.914
-52.89
-74.249
253.88
-353.87
306.2
-154.43
14.837
15.095
70.452
-185.41
221.59
-133.07
-29.503
159.53
-177.34
90.994
11.46
-31.625
-61.877
208.21
-300.99
271.09
-141.36
10.36
23.757
59.129
-182.68
231.29
-140.83
-47.254
212.68
-247.24
141.73
-2.1771e-11
-36.222
-100.91
342.35
-522.25
499.84
-275.96
11.929
76.676
113.56
-465.65
682.34
-467.72
-258.67
1259.3
-2071
2252.1
-1639.9
460.67
782.56
-1579.1
1677.4
-1192.5
501.11
1.0218e-10
-116.4
-71.248
310.58
-370.68
190.86
105.35
-322.82
342.19
-196.21
29.631
17.329
88.743
-259.09
358.56
-310.28
150
6.9562
-56.714
-15.438
128.34
-171.36
90.892
69.454
-204.26
228.47
-142.34
29.778
8.1442
67.608
-203.21
293.54
-264.16
130.22
13.747
-66.589
-8.6191e-11
117.16
-170.54
89.939
92.075
-260.19
303.12
-202.24
52.346
6.6369
100.62
-317.17
485.41
-462.47
237.08
44.108
-172.54
37.802
262.7
-455.09
259.81
401.35
-1302.8
2001.4
-2076.4
1382.3
-156.69
-1090.6
1847.1
-1866.6
1278.6
-482.01
-102.46
263.72
-80.134
-183.22
274.65
-115.58
-176.77
400.58
-423.13
266.84
-75.875
-0.72179
-82.098
242.02
-341.31
294.17
-128.06
-43.37
110.27
-49.018
-64.535
117.69
-49.196
-104.81
240.73
-268.55
180.8
-56.832
0
-56.832
180.8
-268.55
240.73
-104.81
-49.196
117.69
-64.535
-49.018
110.27
-43.37
-128.06
294.17
-341.31
242.02
-82.098
-0.72179
-75.875
266.84
-423.13
400.58
-176.77
-115.58
274.65
-183.22
-80.134
263.72
-102.46
-482.01
1278.6
-1866.6
1847.1
-1090.6
-156.69
1382.3
-2076.4
2001.4
-1302.8
401.35
259.81
-455.09
262.7
37.802
-172.54
44.108
237.08
-462.47
485.41
-317.17
100.62
6.6369
52.346
-202.24
303.12
-260.19
92.075
89.939
-170.54
117.16
1.2636e-11
-66.589
13.747
130.22
-264.16
293.54
-203.21
67.608
8.1442
29.778
-142.34
228.47
-204.26
69.454
90.892
-171.36
128.34
-15.438
-56.714
6.9562
150
-310.28
358.56
-259.09
88.743
17.329
29.631
-196.21
342.19
-322.82
105.35
190.86
-370.68
310.58
-71.248
-116.4
-2.4627e-10
501.11
-1192.5
1677.4
-1579.1
782.56
460.67
-1639.9
2252.1
-2071
1259.3
-258.67
-467.72
682.34
-465.65
113.56
76.676
11.929
-275.96
499.84
-522.25
342.35
-100.91
-36.222
4.4054e-11
141.73
-247.24
212.68
-47.254
-140.83
231.29
-182.68
59.129
23.757
10.36
-141.36
271.09
-300.99
208.21
-61.877
-31.625
11.46
90.994
-177.34
159.53
-29.503
-133.07
221.59
-185.41
70.452
15.095
14.837
-154.43
306.2
-353.87
253.88
-74.249
-52.89
32.914
112.07
-250.85
238.71
-33.254
-259.08
450
-410.37
184.11
17.205
47.713
-463.6
1054.3
-1447.9
1289.7
-476.8
-737.21
1847.7
-2362.4
2069
-1147.2
58.205
717.51
-933.65
675.48
-257.05
-3.563e-11
-41.246
284.26
-505.86
529.14
-340.08
76.482
87.949
-71.888
-64.79
178.94
-157.59
-6.6862e-11
189.45
-286.01
239.38
-107.25
6.0027
-19.277
135.42
-259.81
290.29
-196.32
41.304
67.689
-63.148
-31.294
120.32
-112.09
-9.2686
169.94
-262.78
230.53
-111.43
10.852
-19.357
139.94
-281.88
328.56
-229.13
42.745
101.9
-104.97
-22.339
157.93
-157.63
-29.958
311.06
-504.5
476.35
-254.98
33.994
-45.047
378.3
-876.96
1194.3
-996.67
191.22
970.31
-1993.5
2400
-1993.5
970.31
191.22
-996.67
1194.3
-876.96
378.3
-45.047
33.994
-254.98
476.35
-504.5
311.06
-29.958
-157.63
157.93
-22.339
-104.97
101.9
42.745
-229.13
328.56
-281.88
139.94
-19.357
10.852
-111.43
230.53
-262.78
169.94
-9.2686
-112.09
120.32
-31.294
-63.148
67.689
41.304
-196.32
290.29
-259.81
135.42
-19.277
6.0027
-107.25
239.38
-286.01
189.45
1.6678e-10
-157.59
178.94
-64.79
-71.888
87.949
76.482
-340.08
529.14
-505.86
284.26
-41.246
-3.7868e-11
-257.05
675.48
-933.65
717.51
58.205
-1147.2
2069
-2362.4
1847.7
-737.21
-476.8
1289.7
-1447.9
1054.3
-463.6
47.713
17.205
184.11
-410.37
450
-259.08
-33.254
238.71
-250.85
112.07
32.914
-52.89
-74.249
253.88
-353.87
306.2
-154.43
14.837
15.095
70.452
-185.41
221.59
-133.07
-29.503
159.53
-177.34
90.994
11.46
-31.625
-61.877
208.21
-300.99
271.09
-141.36
10.36
23.757
59.129
-182.68
231.29
-140.83
-47.254
212.68
-247.24
141.73
7.0031e-11
-36.222
-100.91
342.35
-522.25
499.84
-275.96
11.929
76.676
113.56
-465.65
682.34
-467.72
-258.67
1259.3
-2071
2252.1
-1639.9
460.67
782.56
-1579.1
1677.4
-1192.5
501.11
4.2121e-11
-116.4
-71.248
310.58
-370.68
190.86
105.35
-322.82
342.19
-196.21
29.631
17.329
88.743
-259.09
358.56
-310.28
150
6.9562
-56.714
-15.438
128.34
-171.36
90.892
69.454
-204.26
228.47
-142.34
29.778
8.1442
67.608
-203.21
293.54
-264.16
130.22
13.747
-66.589
5.4949e-11
117.16
-170.54
89.939
92.075
-260.19
303.12
-202.24
52.346
6.6369
100.62
-317.17
485.41
-462.47
237.08
44.108
-172.54
37.802
262.7
-455.09
259.81
401.35
-1302.8
2001.4
-2076.4
1382.3
-156.69
-1090.6
1847.1
-1866.6
1278.6
-482.01
-102.46
263.72
-80.134
-183.22
274.65
-115.58
-176.77
400.58
-423.13
266.84
-75.875
-0.72179
-82.098
242.02
-341.31
294.17
-128.06
-43.37
110.27
-49.018
-64.535
117.69
-49.196
-104.81
240.73
-268.55
180.8
-56.832
0
-56.832
180.8
-268.55
240.73
-104.81
-49.196
117.69
-64.535
-49.018
110.27
-43.37
-128.06
294.17
-341.31
242.02
-82.098
-0.72179
-75.875
266.84
-423.13
400.58
-176.77
-115.58
274.65
-183.22
-80.134
263.72
-102.46
-482.01
1278.6
-1866.6
1847.1
-1090.6
-156.69
1382.3
-2076.4
2001.4
-1302.8
401.35
259.81
-455.09
262.7
37.802
-172.54
44.108
237.08
-462.47
485.41
-317.17
100.62
6.6369
52.346
-202.24
303.12
-260.19
92.075
89.939
-170.54
117.16
6.4451e-11
-66.589
13.747
130.22
-264.16
293.54
-203.21
67.608
8.1442
29.778
-142.34
228.47
-204.26
69.454
90.892
-171.36
128.34
-15.438
-56.714
6.9562
150
-310.28
358.56
-259.09
88.743
17.329
29.631
-196.21
342.19
-322.82
105.35
190.86
-370.68
310.58
-71.248
-116.4
-2.3564e-10
501.11
-1192.5
1677.4
-1579.1
782.56
460.67
-1639.9
2252.1
-2071
1259.3
-258.67
-467.72
682.34
-465.65
113.56
76.676
11.929
-275.96
499.84
-522.25
342.35
-100.91
-36.222
2.0577e-11
141.73
-247.24
212.68
-47.254
-140.83
231.29
-182.68
59.129
23.757
10.36
-141.36
271.09
-300.99
208.21
-61.877
-31.625
11.46
90.994
-177.34
159.53
-29.503
-133.07
221.59
-185.41
70.452
15.095
14.837
-154.43
306.2
-353.87
253.88
-74.249
-52.89
32.914
112.07
-250.85
238.71
-33.254
-259.08
450
-410.37
184.11
17.205
47.713
-463.6
1054.3
-1447.9
1289.7
-476.8
-737.21
1847.7
-2362.4
2069
-1147.2
58.205
717.51
-933.65
675.48
-257.05
9.0188e-12
-41.246
284.26
-505.86
529.14
-340.08
76.482
87.949
-71.888
-64.79
178.94
-157.59
-3.5584e-11
189.45
-286.01
239.38
-107.25
6.0027
-19.277
135.42
-259.81
290.29
-196.32
41.304
67.689
-63.148
-31.294
120.32
-112.09
-9.2686
169.94
-262.78
230.53
-111.43
10.852
-19.357
139.94
-281.88
328.56
-229.13
42.745
101.9
-104.97
-22.339
157.93
-157.63
-29.958
311.06
-504.5
476.35
-254.98
33.994
-45.047
378.3
-876.96
1194.3
-996.67
191.22
970.31
-1993.5
2400
-1993.5
970.31
191.22
-996.67
1194.3
-876.96
378.3
-45.047
33.994
-254.98
476.35
-504.5
311.06
-29.958
-157.63
157.93
-22.339
-104.97
101.9
42.745
-229.13
328.56
-281.88
139.94
-19.357
10.852
-111.43
230.53
-262.78
169.94
-9.2686
-112.09
120.32
-31.294
-63.148
67.689
41.304
-196.32
290.29
-259.81
135.42
-19.277
6.0027
-107.25
239.38
-286.01
189.45
1.0488e-10
-157.59
178.94
-64.79
-71.888
87.949
76.482
-340.08
529.14
-505.86
284.26
-41.246
-8.2687e-11
-257.05
675.48
-933.65
717.51
58.205
-1147.2
2069
-2362.4
1847.7
-737.21
-476.8
1289.7
-1447.9
1054.3
-463.6
47.713
17.205
184.11
-410.37
450
-259.08
-33.254
238.71
-250.85
112.07
32.914
-52.89
-74.249
253.88
-353.87
306.2
-154.43
14.837
15.095
70.452
-185.41
221.59
-133.07
-29.503
159.53
-177.34
90.994
11.46
-31.625
-61.877
208.21
-300.99
271.09
-141.36
10.36
23.757
59.129
-182.68
231.29
-140.83
-47.254
212.68
-247.24
141.73
2.5295e-11
-36.222
-100.91
342.35
-522.25
499.84
-275.96
11.929
76.676
113.56
-465.65
682.34
-467.72
-258.67
1259.3
-2071
2252.1
-1639.9
460.67
782.56
-1579.1
1677.4
-1192.5
501.11
7.1879e-11
-116.4
-71.248
310.58
-370.68
190.86
105.35
-322.82
342.19
-196.21
29.631
17.329
88.743
-259.09
358.56
-310.28
150
6.9562
-56.714
-15.438
128.34
-171.36
90.892
69.454
-204.26
228.47
-142.34
29.778
8.1442
67.608
-203.21
293.54
-264.16
130.22
13.747
-66.589
-9.3243e-11
117.16
-170.54
89.939
92.075
-260.19
303.12
-202.24
52.346
6.6369
100.62
-317.17
485.41
-462.47
237.08
44.108
-172.54
37.802
262.7
-455.09
259.81
401.35
-1302.8
2001.4
-2076.4
1382.3
-156.69
-1090.6
1847.1
-1866.6
1278.6
-482.01
-102.46
263.72
-80.134
-183.22
274.65
-115.58
-176.77
400.58
-423.13
266.84
-75.875
-0.72179
-82.098
242.02
-341.31
294.17
-128.06
-43.37
110.27
-49.018
-64.535
117.69
-49.196
-104.81
240.73
-268.55
180.8
-56.832
0
-56.832
180.8
-268.55
240.73
-104.81
-49.196
117.69
-64.535
-49.018
110.27
-43.37
-128.06
294.17
-341.31
242.02
-82.098
-0.72179
-75.875
266.84
-423.13
400.58
-176.77
-115.58
274.65
-183.22
-80.134
263.72
-102.46
-482.01
1278.6
-1866.6
1847.1
-1090.6
-156.69
1382.3
-2076.4
2001.4
-1302.8
401.35
259.81
-455.09
262.7
37.802
-172.54
44.108
237.08
-462.47
485.41
-317.17
100.62
6.6369
52.346
-202.24
303.12
-260.19
92.075
89.939
-170.54
117.16
2.127e-10
-66.589
13.747
130.22
-264.16
293.54
-203.21
67.608
8.1442
29.778
-142.34
228.47
-204.26
69.454
90.892
-171.36
128.34
-15.438
-56.714
6.9562
150
-310.28
358.56
-259.09
88.743
17.329
29.631
-196.21
342.19
-322.82
105.35
190.86
-370.68
310.58
-71.248
-116.4
-2.3471e-10
501.11
-1192.5
1677.4
-1579.1
782.56
460.67
-1639.9
2252.1
-2071
1259.3
-258.67
-467.72
682.34
-465.65
113.56
76.676
11.929
-275.96
499.84
-522.25
342.35
-100.91
-36.222
-7.1168e-11
141.73
-247.24
212.68
-47.254
-140.83
231.29
-182.68
59.129
23.757
10.36
-141.36
271.09
-300.99
208.21
-61.877
-31.625
11.46
90.994
-177.34
159.53
-29.503
-133.07
221.59
-185.41
70.452
15.095
14.837
-154.43
306.2
-353.87
253.88
-74.249
-52.89
32.914
112.07
-250.85
238.71
-33.254
-259.08
450
-410.37
184.11
17.205
47.713
-463.6
1054.3
-1447.9
1289.7
-476.8
-737.21
1847.7
-2362.4
2069
-1147.2
58.205
717.51
-933.65
675.48
-257.05
5.3724e-11
-41.246
284.26
-505.86
529.14
-340.08
76.482
87.949
-71.888
-64.79
178.94
-157.59
-2.3306e-11
189.45
-286.01
239.38
-107.25
6.0027
-19.277
135.42
-259.81
290.29
-196.32
41.304
67.689
-63.148
-31.294
120.32
-112.09
-9.2686
169.94
-262.78
230.53
-111.43
10.852
-19.357
139.94
-281.88
328.56
-229.13
42.745
101.9
-104.97
-22.339
157.93
-157.63
-29.958
311.06
-504.5
476.35
-254.98
33.994
-45.047
378.3
-876.96
1194.3
-996.67
191.22
970.31
-1993.5
2400
-1993.5
970.31
191.22
-996.67
1194.3
-876.96
378.3
-45.047
33.994
-254.98
476.35
-504.5
311.06
-29.958
-157.63
157.93
-22.339
-104.97
101.9
42.745
-229.13
328.56
-281.88
139.94
-19.357
10.852
-111.43
230.53
-262.78
169.94
-9.2686
-112.09
120.32
-31.294
-63.148
67.689
41.304
-196.32
290.29
-259.81
135.42
-19.277
6.0027
-107.25
239.38
-286.01
189.45
-3.7218e-11
-157.59
178.94
-64.79
-71.888
87.949
76.482
-340.08
529.14
-505.86
284.26
-41.246
-3.0759e-11
-257.05
675.48
-933.65
717.51
58.205
-1147.2
2069
-2362.4
1847.7
-737.21
-476.8
1289.7
-1447.9
1054.3
-463.6
47.713
17.205
184.11
-410.37
450
-259.08
-33.254
238.71
-250.85
112.07
32.914
-52.89
-74.249
253.88
-353.87
306.2
-154.43
14.837
15.095
70.452
-185.41
221.59
-133.07
-29.503
159.53
-177.34
90.994
11.46
-31.625
-61.877
208.21
-300.99
271.09
-141.36
10.36
23.757
59.129
-182.68
231.29
-140.83
-47.254
212.68
-247.24
141.73
-1.5586e-10
-36.222
-100.91
342.35
-522.25
499.84
-275.96
11.929
76.676
113.56
-465.65
682.34
-467.72
-258.67
1259.3
-2071
2252.1
-1639.9
460.67
782.56
-1579.1
1677.4
-1192.5
501.11
3.6087e-10
-116.4
-71.248
310.58
-370.68
190.86
105.35
-322.82
342.19
-196.21
29.631
17.329
88.743
-259.09
358.56
-310.28
150
6.9562
-56.714
-15.438
128.34
-171.36
90.892
69.454
-204.26
228.47
-142.34
29.778
8.1442
67.608
-203.21
293.54
-264.16
130.22
13.747
-66.589
-1.8499e-10
117.16
-170.54
89.939
92.075
-260.19
303.12
-202.24
52.346
6.6369
100.62
-317.17
485.41
-462.47
237.08
44.108
-172.54
37.802
262.7
-455.09
259.81
401.35
-1302.8
2001.4
-2076.4
1382.3
-156.69
-1090.6
1847.1
-1866.6
1278.6
-482.01
-102.46
263.72
-80.134
-183.22
274.65
-115.58
-176.77
400.58
-423.13
266.84
-75.875
-0.72179
-82.098
242.02
-341.31
294.17
-128.06
-43.37
110.27
-49.018
-64.535
117.69
-49.196
-104.81
240.73
-268.55
180.8
-56.832
0
-56.832
180.8
-268.55
240.73
-104.81
-49.196
117.69
-64.535
-49.018
110.27
-43.37
-128.06
294.17
-341.31
242.02
-82.098
-0.72179
-75.875
266.84
-423.13
400.58
-176.77
-115.58
274.65
-183.22
-80.134
263.72
-102.46
-482.01
1278.6
-1866.6
1847.1
-1090.6
-156.69
1382.3
-2076.4
2001.4
-1302.8
401.35
259.81
-455.09
262.7
37.802
-172.54
44.108
237.08
-462.47
485.41
-317.17
100.62
6.6369
52.346
-202.24
303.12
-260.19
92.075
89.939
-170.54
117.16
2.0798e-10
-66.589
13.747
130.22
-264.16
293.54
-203.21
67.608
8.1442
29.778
-142.34
228.47
-204.26
69.454
90.892
-171.36
128.34
-15.438
-56.714
6.9562
150
-310.28
358.56
-259.09
88.743
17.329
29.631
-196.21
342.19
-322.82
105.35
190.86
-370.68
310.58
-71.248
-116.4
-1.6519e-10
501.11
-1192.5
1677.4
-1579.1
782.56
460.67
-1639.9
2252.1
-2071
1259.3
-258.67
-467.72
682.34
-465.65
113.56
76.676
11.929
-275.96
499.84
-522.25
342.35
-100.91
-36.222
-1.6291e-10
141.73
-247.24
212.68
-47.254
-140.83
231.29
-182.68
59.129
23.757
10.36
-141.36
271.09
-300.99
208.21
-61.877
-31.625
11.46
90.994
-177.34
159.53
-29.503
-133.07
221.59
-185.41
70.452
15.095
14.837
-154.43
306.2
-353.87
253.88
-74.249
-52.89
32.914
112.07
-250.85
238.71
-33.254
-259.08
450
-410.37
184.11
17.205
47.713
-463.6
1054.3
-1447.9
1289.7
-476.8
-737.21
1847.7
-2362.4
2069
-1147.2
58.205
717.51
-933.65
675.48
-257.05
-3.7966e-11
-41.246
284.26
-505.86
529.14
-340.08
76.482
87.949
-71.888
-64.79
178.94
-157.59
-6.2187e-10
189.45
-286.01
239.38
-107.25
6.0027
-19.277
135.42
-259.81
290.29
-196.32
41.304
67.689
-63.148
-31.294
120.32
-112.09
-9.2686
169.94
-262.78
230.53
-111.43
10.852
-19.357
139.94
-281.88
328.56
-229.13
42.745
101.9
-104.97
-22.339
157.93
-157.63
-29.958
311.06
-504.5
476.35
-254.98
33.994
-45.047
378.3
-876.96
1194.3
-996.67
191.22
970.31
-1993.5
2400
-1993.5
970.31
191.22
-996.67
1194.3
-876.96
378.3
-45.047
33.994
-254.98
476.35
-504.5
311.06
-29.958
-157.63
157.93
-22.339
-104.97
101.9
42.745
-229.13
328.56
-281.88
139.94
-19.357
10.852
-111.43
230.53
-262.78
169.94
-9.2686
-112.09
120.32
-31.294
-63.148
67.689
41.304
-196.32
290.29
-259.81
135.42
-19.277
6.0027
-107.25
239.38
-286.01
189.45
3.0191e-10
-157.59
178.94
-64.79
-71.888
87.949
76.482
-340.08
529.14
-505.86
284.26
-41.246
6.0959e-11
-257.05
675.48
-933.65
717.51
58.205
-1147.2
2069
-2362.4
1847.7
-737.21
-476.8
1289.7
-1447.9
1054.3
-463.6
47.713
17.205
184.11
-410.37
450
-259.08
-33.254
238.71
-250.85
112.07
32.914
-52.89
-74.249
253.88
-353.87
306.2
-154.43
14.837
15.095
70.452
-185.41
221.59
-133.07
-29.503
159.53
-177.34
90.994
11.46
-31.625
-61.877
208.21
-300.99
271.09
-141.36
10.36
23.757
59.129
-182.68
231.29
-140.83
-47.254
212.68
-247.24
141.73
-6.4063e-11
-36.222
-100.91
342.35
-522.25
499.84
-275.96
11.929
76.676
113.56
-465.65
682.34
-467.72
-258.67
1259.3
-2071
2252.1
-1639.9
460.67
782.56
-1579.1
1677.4
-1192.5
501.11
5.5098e-10
-116.4
-71.248
310.58
-370.68
190.86
105.35
-322.82
342.19
-196.21
29.631
17.329
88.743
-259.09
358.56
-310.28
150
6.9562
-56.714
-15.438
128.34
-171.36
90.892
69.454
-204.26
228.47
-142.34
29.778
8.1442
67.608
-203.21
293.54
-264.16
130.22
13.747
-66.589
-8.3782e-11
117.16
-170.54
89.939
92.075
-260.19
303.12
-202.24
52.346
6.6369
100.62
-317.17
485.41
-462.47
237.08
44.108
-172.54
37.802
262.7
-455.09
259.81
401.35
-1302.8
2001.4
-2076.4
1382.3
-156.69
-1090.6
1847.1
-1866.6
1278.6
-482.01
-102.46
263.72
-80.134
-183.22
274.65
-115.58
-176.77
400.58
-423.13
266.84
-75.875
-0.72179
-82.098
242.02
-341.31
294.17
-128.06
-43.37
110.27
-49.018
-64.535
117.69
-49.196
-104.81
240.73
-268.55
180.8
-56.832
0
-56.832
180.8
-268.55
240.73
-104.81
-49.196
117.69
-64.535
-49.018
110.27
-43.37
-128.06
294.17
-341.31
242.02
-82.098
-0.72179
-75.875
266.84
-423.13
400.58
-176.77
-115.58
274.65
-183.22
-80.134
263.72
-102.46
-482.01
1278.6
-1866.6
1847.1
-1090.6
-156.69
1382.3
-2076.4
2001.4
-1302.8
401.35
259.81
-455.09
262.7
37.802
-172.54
44.108
237.08
-462.47
485.41
-317.17
100.62
6.6369
52.346
-202.24
303.12
-260.19
92.075
89.939
-170.54
117.16
4.9263e-10
-66.589
13.747
130.22
-264.16
293.54
-203.21
67.608
8.1442
29.778
-142.34
228.47
-204.26
69.454
90.892
-171.36
128.34
-15.438
-56.714
6.9562
150
-310.28
358.56
-259.09
88.743
17.329
29.631
-196.21
342.19
-322.82
105.35
190.86
-370.68
310.58
-71.248
-116.4
-4.5449e-10
501.11
-1192.5
1677.4
-1579.1
782.56
460.67
-1639.9
2252.1
-2071
1259.3
-258.67
-467.72
682.34
-465.65
113.56
76.676
11.929
-275.96
499.84
-522.25
342.35
-100.91
-36.222
-2.546e-10
141.73
-247.24
212.68
-47.254
-140.83
231.29
-182.68
59.129
23.757
10.36
-141.36
271.09
-300.99
208.21
-61.877
-31.625
11.46
90.994
-177.34
159.53
-29.503
-133.07
221.59
-185.41
70.452
15.095
14.837
-154.43
306.2
-353.87
253.88
-74.249
-52.89
32.914
112.07
-250.85
238.71
-33.254
-259.08
450
-410.37
184.11
17.205
47.713
-463.6
1054.3
-1447.9
1289.7
-476.8
-737.21
1847.7
-2362.4
2069
-1147.2
58.205
717.51
-933.65
675.48
-257.05
3.3609e-10
-41.246
284.26
-505.86
529.14
-340.08
76.482
87.949
-71.888
-64.79
178.94
-157.59
-4.798e-10
189.45
-286.01
239.38
-107.25
6.0027
-19.277
135.42
-259.81
290.29
-196.32
41.304
67.689
-63.148
-31.294
120.32
-112.09
-9.2686
169.94
-262.78
230.53
-111.43
10.852
-19.357
139.94
-281.88
328.56
-229.13
42.745
101.9
-104.97
-22.339
157.93
-157.63
-29.958
311.06
-504.5
476.35
-254.98
33.994
-45.047
378.3
-876.96
1194.3
-996.67
191.22
970.31
-1993.5
2400
-1993.5
970.31
191.22
-996.67
1194.3
-876.96
378.3
-45.047
33.994
-254.98
476.35
-504.5
311.06
-29.958
-157.63
157.93
-22.339
-104.97
101.9
42.745
-229.13
328.56
-281.88
139.94
-19.357
10.852
-111.43
230.53
-262.78
169.94
-9.2686
-112.09
120.32
-31.294
-63.148
67.689
41.304
-196.32
290.29
-259.81
135.42
-19.277
6.0027
-107.25
239.38
-286.01
189.45
-1.9881e-10
-157.59
178.94
-64.79
-71.888
87.949
76.482
-340.08
529.14
-505.86
284.26
-41.246
-3.1313e-10
-257.05
675.48
-933.65
717.51
58.205
-1147.2
2069
-2362.4
1847.7
-737.21
-476.8
1289.7
-1447.9
1054.3
-463.6
47.713
17.205
184.11
-410.37
450
-259.08
-33.254
238.71
-250.85
112.07
32.914
-52.89
-74.249
253.88
-353.87
306.2
-154.43
14.837
15.095
70.452
-185.41
221.59
-133.07
-29.503
159.53
-177.34
90.994
11.46
-31.625
-61.877
208.21
-300.99
271.09
-141.36
10.36
23.757
59.129
-182.68
231.29
-140.83
-47.254
212.68
-247.24
141.73
-2.4522e-10
-36.222
-100.91
342.35
-522.25
499.84
-275.96
11.929
76.676
113.56
-465.65
682.34
-467.72
-258.67
1259.3
-2071
2252.1
-1639.9
460.67
782.56
-1579.1
1677.4
-1192.5
501.11
1.6075e-10
-116.4
-71.248
310.58
-370.68
190.86
105.35
-322.82
342.19
-196.21
29.631
17.329
88.743
-259.09
358.56
-310.28
150
6.9562
-56.714
-15.438
128.34
-171.36
90.892
69.454
-204.26
228.47
-142.34
29.778
8.1442
67.608
-203.21
293.54
-264.16
130.22
13.747
-66.589
-1.7553e-10
117.16
-170.54
89.939
92.075
-260.19
303.12
-202.24
52.346
6.6369
100.62
-317.17
485.41
-462.47
237.08
44.108
-172.54
37.802
262.7
-455.09
259.81
401.35
-1302.8
2001.4
-2076.4
1382.3
-156.69
-1090.6
1847.1
-1866.6
1278.6
-482.01
-102.46
263.72
-80.134
-183.22
274.65
-115.58
-176.77
400.58
-423.13
266.84
-75.875
-0.72179
-82.098
242.02
-341.31
294.17
-128.06
-43.37
110.27
-49.018
-64.535
117.69
-49.196
-104.81
240.73
-268.55
180.8
-56.832
0
-56.832
180.8
-268.55
240.73
-104.81
-49.196
117.69
-64.535
-49.018
110.27
-43.37
-128.06
294.17
-341.31
242.02
-82.098
-0.72179
-75.875
266.84
-423.13
400.58
-176.77
-115.58
274.65
-183.22
-80.134
263.72
-102.46
-482.01
1278.6
-1866.6
1847.1
-1090.6
-156.69
1382.3
-2076.4
2001.4
-1302.8
401.35
259.81
-455.09
262.7
37.802
-172.54
44.108
237.08
-462.47
485.41
-317.17
100.62
6.6369
52.346
-202.24
303.12
-260.19
92.075
89.939
-170.54
117.16
1.9847e-10
-66.589
13.747
130.22
-264.16
293.54
-203.21
67.608
8.1442
29.778
-142.34
228.47
-204.26
69.454
90.892
-171.36
128.34
-15.438
-56.714
6.9562
150
-310.28
358.56
-259.09
88.743
17.329
29.631
-196.21
342.19
-322.82
105.35
190.86
-370.68
310.58
-71.248
-116.4
6.1516e-10
501.11
-1192.5
1677.4
-1579.1
782.56
460.67
-1639.9
2252.1
-2071
1259.3
-258.67
-467.72
682.34
-465.65
113.56
76.676
11.929
-275.96
499.84
-522.25
342.35
-100.91
-36.222
1.9941e-10
141.73
-247.24
212.68
-47.254
-140.83
231.29
-182.68
59.129
23.757
10.36
-141.36
271.09
-300.99
208.21
-61.877
-31.625
11.46
90.994
-177.34
159.53
-29.503
-133.07
221.59
-185.41
70.452
15.095
14.837
-154.43
306.2
-353.87
253.88
-74.249
-52.89
32.914
112.07
-250.85
238.71
-33.254
-259.08
450
-410.37
184.11
17.205
47.713
-463.6
1054.3
-1447.9
1289.7
-476.8
-737.21
1847.7
-2362.4
2069
-1147.2
58.205
717.51
-933.65
675.48
-257.05
4.3718e-10
-41.246
284.26
-505.86
529.14
-340.08
76.482
87.949
-71.888
-64.79
178.94
-157.59
-3.9904e-10
189.45
-286.01
239.38
-107.25
6.0027
-19.277
135.42
-259.81
290.29
-196.32
41.304
67.689
-63.148
-31.294
120.32
-112.09
-9.2686
169.94
-262.78
230.53
-111.43
10.852
-19.357
139.94
-281.88
328.56
-229.13
42.745
101.9
-104.97
-22.339
157.93
-157.63
-29.958
311.06
-504.5
476.35
-254.98
33.994
-45.047
378.3
-876.96
1194.3
-996.67
191.22
970.31
-1993.5
2400
-1993.5
970.31
191.22
-996.67
1194.3
-876.96
378.3
-45.047
33.994
-254.98
476.35
-504.5
311.06
-29.958
-157.63
157.93
-22.339
-104.97
101.9
42.745
-229.13
328.56
-281.88
139.94
-19.357
10.852
-111.43
230.53
-262.78
169.94
-9.2686
-112.09
120.32
-31.294
-63.148
67.689
41.304
-196.32
290.29
-259.81
135.42
-19.277
6.0027
-107.25
239.38
-286.01
189.45
2.394e-10
-157.59
178.94
-64.79
-71.888
87.949
76.482
-340.08
529.14
-505.86
284.26
-41.246
-4.9426e-10
-257.05
675.48
-933.65
717.51
58.205
-1147.2
2069
-2362.4
1847.7
-737.21
-476.8
1289.7
-1447.9
1054.3
-463.6
47.713
17.205
184.11
-410.37
450
-259.08
-33.254
238.71
-250.85
112.07
32.914
-52.89
-74.249
253.88
-353.87
306.2
-154.43
14.837
15.095
70.452
-185.41
221.59
-133.07
-29.503
159.53
-177.34
90.994
11.46
-31.625
-61.877
208.21
-300.99
271.09
-141.36
10.36
23.757
59.129
-182.68
231.29
-140.83
-47.254
212.68
-247.24
141.73
-4.2633e-10
-36.222
-100.91
342.35
-522.25
499.84
-275.96
11.929
76.676
113.56
-465.65
682.34
-467.72
-258.67
1259.3
-2071
2252.1
-1639.9
460.67
782.56
-1579.1
1677.4
-1192.5
501.11
4.496e-10
-116.4
-71.248
310.58
-370.68
190.86
105.35
-322.82
342.19
-196.21
29.631
17.329
88.743
-259.09
358.56
-310.28
150
6.9562
-56.714
-15.438
128.34
-171.36
90.892
69.454
-204.26
228.47
-142.34
29.778
8.1442
67.608
-203.21
293.54
-264.16
130.22
13.747
-66.589
-1.873e-10
117.16
-170.54
89.939
92.075
-260.19
303.12
-202.24
52.346
6.6369
100.62
-317.17
485.41
-462.47
237.08
44.108
-172.54
37.802
262.7
-455.09
259.81
401.35
-1302.8
2001.4
-2076.4
1382.3
-156.69
-1090.6
1847.1
-1866.6
1278.6
-482.01
-102.46
263.72
-80.134
-183.22
274.65
-115.58
-176.77
400.58
-423.13
266.84
-75.875
-0.72179
-82.098
242.02
-341.31
294.17
-128.06
-43.37
110.27
-49.018
-64.535
117.69
-49.196
-104.81
240.73
-268.55
180.8
-56.832
0
-56.832
180.8
-268.55
240.73
-104.81
-49.196
117.69
-64.535
-49.018
110.27
-43.37
-128.06
294.17
-341.31
242.02
-82.098
-0.72179
-75.875
266.84
-423.13
400.58
-176.77
-115.58
274.65
-183.22
-80.134
263.72
-102.46
-482.01
1278.6
-1866.6
1847.1
-1090.6
-156.69
1382.3
-2076.4
2001.4
-1302.8
401.35
259.81
-455.09
262.7
37.802
-172.54
44.108
237.08
-462.47
485.41
-317.17
100.62
6.6369
52.346
-202.24
303.12
-260.19
92.075
89.939
-170.54
117.16
1.3037e-10
-66.589
13.747
130.22
-264.16
293.54
-203.21
67.608
8.1442
29.778
-142.34
228.47
-204.26
69.454
90.892
-171.36
128.34
-15.438
-56.714
6.9562
150
-310.28
358.56
-259.09
88.743
17.329
29.631
-196.21
342.19
-322.82
105.35
190.86
-370.68
310.58
-71.248
-116.4
-2.5415e-10
501.11
-1192.5
1677.4
-1579.1
782.56
460.67
-1639.9
2252.1
-2071
1259.3
-258.67
-467.72
682.34
-465.65
113.56
76.676
11.929
-275.96
499.84
-522.25
342.35
-100.91
-36.222
-4.3809e-10
141.73
-247.24
212.68
-47.254
-140.83
231.29
-182.68
59.129
23.757
10.36
-141.36
271.09
-300.99
208.21
-61.877
-31.625
11.46
90.994
-177.34
159.53
-29.503
-133.07
221.59
-185.41
70.452
15.095
14.837
-154.43
306.2
-353.87
253.88
-74.249
-52.89
32.914
112.07
-250.85
238.71
-33.254
-259.08
450
-410.37
184.11
17.205
47.713
-463.6
1054.3
-1447.9
1289.7
-476.8
-737.21
1847.7
-2362.4
2069
-1147.2
58.205
717.51
-933.65
675.48
-257.05
8.9139e-10
-41.246
284.26
-505.86
529.14
-340.08
76.482
87.949
-71.888
-64.79
178.94
-157.59
-8.9847e-10
189.45
-286.01
239.38
-107.25
6.0027
-19.277
135.42
-259.81
290.29
-196.32
41.304
67.689
-63.148
-31.294
120.32
-112.09
-9.2686
169.94
-262.78
230.53
-111.43
10.852
-19.357
139.94
-281.88
328.56
-229.13
42.745
101.9
-104.97
-22.339
157.93
-157.63
-29.958
311.06
-504.5
476.35
-254.98
33.994
-45.047
378.3
-876.96
1194.3
-996.67
191.22
970.31
-1993.5
2400
-1993.5
970.31
191.22
-996.67
1194.3
-876.96
378.3
-45.047
33.994
-254.98
476.35
-504.5
311.06
-29.958
-157.63
157.93
-22.339
-104.97
101.9
42.745
-229.13
328.56
-281.88
139.94
-19.357
10.852
-111.43
230.53
-262.78
169.94
-9.2686
-112.09
120.32
-31.294
-63.148
67.689
41.304
-196.32
290.29
-259.81
135.42
-19.277
6.0027
-107.25
239.38
-286.01
189.45
6.7762e-10
-157.59
178.94
-64.79
-71.888
87.949
76.482
-340.08
529.14
-505.86
284.26
-41.246
-9.8134e-10
-257.05
675.48
-933.65
717.51
58.205
-1147.2
2069
-2362.4
1847.7
-737.21
-476.8
1289.7
-1447.9
1054.3
-463.6
47.713
17.205
184.11
-410.37
450
-259.08
-33.254
238.71
-250.85
112.07
32.914
-52.89
-74.249
253.88
-353.87
306.2
-154.43
14.837
15.095
70.452
-185.41
221.59
-133.07
-29.503
159.53
-177.34
90.994
11.46
-31.625
-61.877
208.21
-300.99
271.09
-141.36
10.36
23.757
59.129
-182.68
231.29
-140.83
-47.254
212.68
-247.24
141.73
4.8396e-10
-36.222
-100.91
342.35
-522.25
499.84
-275.96
11.929
76.676
113.56
-465.65
682.34
-467.72
-258.67
1259.3
-2071
2252.1
-1639.9
460.67
782.56
-1579.1
1677.4
-1192.5
501.11
1.0596e-09
-116.4
-71.248
310.58
-370.68
190.86
105.35
-322.82
342.19
-196.21
29.631
17.329
88.743
-259.09
358.56
-310.28
150
6.9562
-56.714
-15.438
128.34
-171.36
90.892
69.454
-204.26
228.47
-142.34
29.778
8.1442
67.608
-203.21
293.54
-264.16
130.22
13.747
-66.589
4.5952e-10
117.16
-170.54
89.939
92.075
-260.19
303.12
-202.24
52.346
6.6369
100.62
-317.17
485.41
-462.47
237.08
44.108
-172.54
37.802
262.7
-455.09
259.81
401.35
-1302.8
2001.4
-2076.4
1382.3
-156.69
-1090.6
1847.1
-1866.6
1278.6
-482.01
-102.46
263.72
-80.134
-183.22
274.65
-115.58
-176.77
400.58
-423.13
266.84
-75.875
-0.72179
-82.098
242.02
-341.31
294.17
-128.06
-43.37
110.27
-49.018
-64.535
117.69
-49.196
-104.81
240.73
-268.55
180.8
-56.832
0
-56.832
180.8
-268.55
240.73
-104.81
-49.196
117.69
-64.535
-49.018
110.27
-43.37
-128.06
294.17
-341.31
242.02
-82.098
-0.72179
-75.875
266.84
-423.13
400.58
-176.77
-115.58
274.65
-183.22
-80.134
263.72
-102.46
-482.01
1278.6
-1866.6
1847.1
-1090.6
-156.69
1382.3
-2076.4
2001.4
-1302.8
401.35
259.81
-455.09
262.7
37.802
-172.54
44.108
237.08
-462.47
485.41
-317.17
100.62
6.6369
52.346
-202.24
303.12
-260.19
92.075
89.939
-170.54
117.16
-1.6382e-10
-66.589
13.747
130.22
-264.16
293.54
-203.21
67.608
8.1442
29.778
-142.34
228.47
-204.26
69.454
90.892
-171.36
128.34
-15.438
-56.714
6.9562
150
-310.28
358.56
-259.09
88.743
17.329
29.631
-196.21
342.19
-322.82
105.35
190.86
-370.68
310.58
-71.248
-116.4
-2.2254e-10
501.11
-1192.5
1677.4
-1579.1
782.56
460.67
-1639.9
2252.1
-2071
1259.3
-258.67
-467.72
682.34
-465.65
113.56
76.676
11.929
-275.96
499.84
-522.25
342.35
-100.91
-36.222
1.5802e-11
141.73
-247.24
212.68
-47.254
-140.83
231.29
-182.68
59.129
23.757
10.36
-141.36
271.09
-300.99
208.21
-61.877
-31.625
11.46
90.994
-177.34
159.53
-29.503
-133.07
221.59
-185.41
70.452
15.095
14.837
-154.43
306.2
-353.87
253.88
-74.249
-52.89
32.914
112.07
-250.85
238.71
-33.254
-259.08
450
-410.37
184.11
17.205
47.713
-463.6
1054.3
-1447.9
1289.7
-476.8
-737.21
1847.7
-2362.4
2069
-1147.2
58.205
717.51
-933.65
675.48
-257.05
7.9959e-10
-41.246
284.26
-505.86
529.14
-340.08
76.482
87.949
-71.888
-64.79
178.94
-157.59
-4.3558e-10
189.45
-286.01
239.38
-107.25
6.0027
-19.277
135.42
-259.81
290.29
-196.32
41.304
67.689
-63.148
-31.294
120.32
-112.09
-9.2686
169.94
-262.78
230.53
-111.43
10.852
-19.357
139.94
-281.88
328.56
-229.13
42.745
101.9
-104.97
-22.339
157.93
-157.63
-29.958
311.06
-504.5
476.35
-254.98
33.994
-45.047
378.3
-876.96
1194.3
-996.67
191.22
970.31
-1993.5
2400
-1993.5
970.31
191.22
-996.67
1194.3
-876.96
378.3
-45.047
33.994
-254.98
476.35
-504.5
311.06
-29.958
-157.63
157.93
-22.339
-104.97
101.9
42.745
-229.13
328.56
-281.88
139.94
-19.357
10.852
-111.43
230.53
-262.78
169.94
-9.2686
-112.09
120.32
-31.294
-63.148
67.689
41.304
-196.32
290.29
-259.81
135.42
-19.277
6.0027
-107.25
239.38
-286.01
189.45
-3.0424e-10
-157.59
178.94
-64.79
-71.888
87.949
76.482
-340.08
529.14
-505.86
284.26
-41.246
-1.1778e-10
-257.05
675.48
-933.65
717.51
58.205
-1147.2
2069
-2362.4
1847.7
-737.21
-476.8
1289.7
-1447.9
1054.3
-463.6
47.713
17.205
184.11
-410.37
450
-259.08
-33.254
238.71
-250.85
112.07
32.914
-52.89
-74.249
253.88
-353.87
306.2
-154.43
14.837
15.095
70.452
-185.41
221.59
-133.07
-29.503
159.53
-177.34
90.994
11.46
-31.625
-61.877
208.21
-300.99
271.09
-141.36
10.36
23.757
59.129
-182.68
231.29
-140.83
-47.254
212.68
-247.24
141.73
-5.1568e-10
-36.222
-100.91
342.35
-522.25
499.84
-275.96
11.929
76.676
113.56
-465.65
682.34
-467.72
-258.67
1259.3
-2071
2252.1
-1639.9
460.67
782.56
-1579.1
1677.4
-1192.5
501.11
5.0915e-10
-116.4
-71.248
310.58
-370.68
190.86
105.35
-322.82
342.19
-196.21
29.631
17.329
88.743
-259.09
358.56
-310.28
150
6.9562
-56.714
-15.438
128.34
-171.36
90.892
69.454
-204.26
228.47
-142.34
29.778
8.1442
67.608
-203.21
293.54
-264.16
130.22
13.747
-66.589
-5.6383e-10
117.16
-170.54
89.939
92.075
-260.19
303.12
-202.24
52.346
6.6369
100.62
-317.17
485.41
-462.47
237.08
44.108
-172.54
37.802
262.7
-455.09
259.81
401.35
-1302.8
2001.4
-2076.4
1382.3
-156.69
-1090.6
1847.1
-1866.6
1278.6
-482.01
-102.46
263.72
-80.134
-183.22
274.65
-115.58
-176.77
400.58
-423.13
266.84
-75.875
-0.72179
-82.098
242.02
-341.31
294.17
-128.06
-43.37
110.27
-49.018
-64.535
117.69
-49.196
-104.81
240.73
-268.55
180.8
-56.832
0
-56.832
180.8
-268.55
240.73
-104.81
-49.196
117.69
-64.535
-49.018
110.27
-43.37
-128.06
294.17
-341.31
242.02
-82.098
-0.72179
-75.875
266.84
-423.13
400.58
-176.77
-115.58
274.65
-183.22
-80.134
263.72
-102.46
-482.01
1278.6
-1866.6
1847.1
-1090.6
-156.69
1382.3
-2076.4
2001.4
-1302.8
401.35
259.81
-455.09
262.7
37.802
-172.54
44.108
237.08
-462.47
485.41
-317.17
100.62
6.6369
52.346
-202.24
303.12
-260.19
92.075
89.939
-170.54
117.16
3.1381e-10
-66.589
13.747
130.22
-264.16
293.54
-203.21
67.608
8.1442
29.778
-142.34
228.47
-204.26
69.454
90.892
-171.36
128.34
-15.438
-56.714
6.9562
150
-310.28
358.56
-259.09
88.743
17.329
29.631
-196.21
342.19
-322.82
105.35
190.86
-370.68
310.58
-71.248
-116.4
-1.0305e-09
501.11
-1192.5
1677.4
-1579.1
782.56
460.67
-1639.9
2252.1
-2071
1259.3
-258.67
-467.72
682.34
-465.65
113.56
76.676
11.929
-275.96
499.84
-522.25
342.35
-100.91
-36.222
-7.5886e-11
141.73
-247.24
212.68
-47.254
-140.83
231.29
-182.68
59.129
23.757
10.36
-141.36
271.09
-300.99
208.21
-61.877
-31.625
11.46
90.994
-177.34
159.53
-29.503
-133.07
221.59
-185.41
70.452
15.095
14.837
-154.43
306.2
-353.87
253.88
-74.249
-52.89
32.914
112.07
-250.85
238.71
-33.254
-259.08
450
-410.37
184.11
17.205
47.713
-463.6
1054.3
-1447.9
1289.7
-476.8
-737.21
1847.7
-2362.4
2069
-1147.2
58.205
717.51
-933.65
675.48
-257.05
3.2199e-10
-41.246
284.26
-505.86
529.14
-340.08
76.482
87.949
-71.888
-64.79
178.94
-157.59
-4.1609e-10
189.45
-286.01
239.38
-107.25
6.0027
-19.277
135.42
-259.81
290.29
-196.32
41.304
67.689
-63.148
-31.294
120.32
-112.09
-9.2686
169.94
-262.78
230.53
-111.43
10.852
-19.357
139.94
-281.88
328.56
-229.13
42.745
101.9
-104.97
-22.339
157.93
-157.63
-29.958
311.06
-504.5
476.35
-254.98
33.994
-45.047
378.3
-876.96
1194.3
-996.67
191.22
970.31
-1993.5
